,datas,casos,mortes,hospitalizados,hospitalizados_vacinados,infectados_vacinados
0,2020-03-06,18.43,0.0,8.86,0.0,0.0
1,2020-03-07,26.14,0.0,10.43,0.0,0.0
2,2020-03-08,34.14,0.0,12.0,0.0,0.0
3,2020-03-09,44.14,0.0,13.71,0.0,0.0
4,2020-03-10,55.71,0.0,15.57,0.0,0.0
5,2020-03-11,67.29,0.0,17.57,0.0,0.0
6,2020-03-12,80.0,0.0,19.86,0.0,0.0
7,2020-03-13,92.29,0.0,22.14,0.0,0.0
8,2020-03-14,106.71,0.14,24.86,0.0,0.0
9,2020-03-15,122.86,0.43,27.57,0.0,0.0
10,2020-03-16,142.57,0.71,30.43,0.0,0.0
11,2020-03-17,167.71,1.14,33.43,0.0,0.0
12,2020-03-18,193.71,2.0,37.0,0.0,0.0
13,2020-03-19,224.14,3.0,40.71,0.0,0.0
14,2020-03-20,263.29,4.29,44.43,0.0,0.0
15,2020-03-21,303.43,5.57,47.71,0.0,0.0
16,2020-03-22,344.29,7.29,51.14,0.0,0.0
17,2020-03-23,386.86,9.57,54.43,0.0,0.0
18,2020-03-24,429.86,11.86,57.71,0.0,0.0
19,2020-03-25,476.43,13.71,60.86,0.0,0.0
20,2020-03-26,519.86,15.71,64.0,0.0,0.0
21,2020-03-27,558.86,17.43,67.14,0.0,0.0
22,2020-03-28,599.71,19.14,70.71,0.0,0.0
23,2020-03-29,644.57,20.86,74.43,0.0,0.0
24,2020-03-30,697.29,22.29,79.29,0.0,0.0
25,2020-03-31,754.29,24.43,84.43,0.0,0.0
26,2020-04-01,818.29,26.86,90.86,0.0,0.0
27,2020-04-02,898.29,29.57,98.0,0.0,0.0
28,2020-04-03,980.43,33.0,105.0,0.0,0.0
29,2020-04-04,1073.86,36.57,112.43,0.0,0.0
30,2020-04-05,1177.86,39.71,120.43,0.0,0.0
31,2020-04-06,1286.57,43.29,129.14,0.0,0.0
32,2020-04-07,1412.0,47.29,138.14,0.0,0.0
33,2020-04-08,1542.71,51.71,147.71,0.0,0.0
34,2020-04-09,1673.57,56.29,158.57,0.0,0.0
35,2020-04-10,1816.29,60.43,171.14,0.0,0.0
36,2020-04-11,1956.14,65.57,184.29,0.0,0.0
37,2020-04-12,2107.57,72.0,199.0,0.0,0.0
38,2020-04-13,2254.86,78.71,214.0,0.0,0.0
39,2020-04-14,2400.86,85.0,230.43,0.0,0.0
40,2020-04-15,2566.71,92.14,245.86,0.0,0.0
41,2020-04-16,2738.0,99.43,261.29,0.0,0.0
42,2020-04-17,2926.29,107.14,277.71,0.0,0.0
43,2020-04-18,3123.14,115.43,296.0,0.0,0.0
44,2020-04-19,3334.0,123.0,314.0,0.0,0.0
45,2020-04-20,3566.14,131.57,332.86,0.0,0.0
46,2020-04-21,3803.43,140.0,354.14,0.0,0.0
47,2020-04-22,4043.29,149.43,376.57,0.0,0.0
48,2020-04-23,4309.0,159.86,400.71,0.0,0.0
49,2020-04-24,4593.71,170.43,426.0,0.0,0.0
50,2020-04-25,4890.0,180.86,451.57,0.0,0.0
51,2020-04-26,5199.29,192.14,481.29,0.0,0.0
52,2020-04-27,5520.43,203.0,513.86,0.0,0.0
53,2020-04-28,5867.29,216.86,547.29,0.0,0.0
54,2020-04-29,6340.29,230.86,583.0,0.0,0.0
55,2020-04-30,6789.0,243.71,618.86,0.0,0.0
56,2020-05-01,7201.14,257.0,656.29,0.0,0.0
57,2020-05-02,7640.29,271.0,696.86,0.0,0.0
58,2020-05-03,8327.29,285.43,737.14,0.0,0.0
59,2020-05-04,8991.43,303.43,777.86,0.0,0.0
60,2020-05-05,9703.71,319.71,820.14,0.0,0.0
61,2020-05-06,10336.29,336.57,866.43,0.0,0.0
62,2020-05-07,11005.57,354.71,915.57,0.0,0.0
63,2020-05-08,11785.0,378.29,967.71,0.0,0.0
64,2020-05-09,12545.43,401.86,1022.0,0.0,0.0
65,2020-05-10,13053.0,426.0,1079.29,0.0,0.0
66,2020-05-11,13606.14,450.14,1141.0,0.0,0.0
67,2020-05-12,14180.57,477.86,1207.43,0.0,0.0
68,2020-05-13,14803.29,507.86,1273.0,0.0,0.0
69,2020-05-14,15464.0,540.0,1342.57,0.0,0.0
70,2020-05-15,16105.71,569.57,1411.71,0.0,0.0
71,2020-05-16,16776.14,601.57,1483.71,0.0,0.0
72,2020-05-17,17756.57,636.0,1557.86,0.0,0.0
73,2020-05-18,18811.0,669.0,1630.29,0.0,0.0
74,2020-05-19,19882.43,700.43,1702.0,0.0,0.0
75,2020-05-20,21239.86,730.43,1777.29,0.0,0.0
76,2020-05-21,22635.57,760.14,1851.71,0.0,0.0
77,2020-05-22,24043.86,790.43,1928.86,0.0,0.0
78,2020-05-23,25446.29,820.29,2003.43,0.0,0.0
79,2020-05-24,26739.29,849.0,2078.57,0.0,0.0
80,2020-05-25,28201.29,879.43,2159.29,0.0,0.0
81,2020-05-26,29691.0,911.29,2241.71,0.0,0.0
82,2020-05-27,30869.0,942.71,2324.14,0.0,0.0
83,2020-05-28,32067.86,974.57,2408.29,0.0,0.0
84,2020-05-29,33232.43,1006.86,2492.71,0.0,0.0
85,2020-05-30,34504.71,1040.43,2580.29,0.0,0.0
86,2020-05-31,35751.29,1075.29,2667.29,0.0,0.0
87,2020-06-01,36928.71,1110.57,2753.86,0.0,0.0
88,2020-06-02,38026.86,1146.29,2839.0,0.0,0.0
89,2020-06-03,39349.43,1184.29,2924.0,0.0,0.0
90,2020-06-04,40709.0,1224.43,3008.71,0.0,0.0
91,2020-06-05,42120.14,1265.29,3092.43,0.0,0.0
92,2020-06-06,43472.43,1307.57,3176.71,0.0,0.0
93,2020-06-07,44883.57,1351.86,3264.0,0.0,0.0
94,2020-06-08,46455.71,1397.43,3350.14,0.0,0.0
95,2020-06-09,48272.0,1445.71,3436.71,0.0,0.0
96,2020-06-10,50057.57,1493.86,3524.86,0.0,0.0
97,2020-06-11,52906.0,1543.43,3612.57,0.0,0.0
98,2020-06-12,56079.57,1594.43,3701.14,0.0,0.0
99,2020-06-13,59276.71,1645.71,3789.0,0.0,0.0
100,2020-06-14,62737.0,1697.43,3874.71,0.0,0.0
101,2020-06-15,66244.57,1749.0,3960.0,0.0,0.0
102,2020-06-16,69824.14,1798.43,4044.71,0.0,0.0
103,2020-06-17,73523.0,1849.71,4128.29,0.0,0.0
104,2020-06-18,76414.57,1900.14,4212.43,0.0,0.0
105,2020-06-19,79065.0,1951.43,4294.57,0.0,0.0
106,2020-06-20,81752.43,2004.0,4378.14,0.0,0.0
107,2020-06-21,84416.29,2055.86,4461.86,0.0,0.0
108,2020-06-22,87137.86,2109.43,4547.57,0.0,0.0
109,2020-06-23,89847.86,2163.86,4634.0,0.0,0.0
110,2020-06-24,92543.86,2218.43,4722.14,0.0,0.0
111,2020-06-25,95215.71,2273.57,4812.57,0.0,0.0
112,2020-06-26,97889.29,2327.29,4906.86,0.0,0.0
113,2020-06-27,100548.14,2379.71,5002.71,0.0,0.0
114,2020-06-28,103130.29,2432.29,5100.0,0.0,0.0
115,2020-06-29,105624.14,2483.86,5195.71,0.0,0.0
116,2020-06-30,108203.29,2536.0,5291.0,0.0,0.0
117,2020-07-01,110699.14,2586.71,5385.71,0.0,0.0
118,2020-07-02,112992.0,2637.71,5479.14,0.0,0.0
119,2020-07-03,115335.71,2688.71,5572.43,0.0,0.0
120,2020-07-04,117678.71,2739.57,5663.14,0.0,0.0
121,2020-07-05,120080.86,2789.86,5755.29,0.0,0.0
122,2020-07-06,122974.0,2839.86,5848.0,0.0,0.0
123,2020-07-07,126114.71,2890.0,5943.57,0.0,0.0
124,2020-07-08,129559.0,2941.14,6038.71,0.0,0.0
125,2020-07-09,133296.29,2990.71,6132.71,0.0,0.0
126,2020-07-10,137012.0,3039.57,6222.0,0.0,0.0
127,2020-07-11,140700.14,3087.57,6309.57,0.0,0.0
128,2020-07-12,144481.43,3135.29,6392.86,0.0,0.0
129,2020-07-13,147922.71,3182.86,6474.0,0.0,0.0
130,2020-07-14,151247.29,3232.43,6553.0,0.0,0.0
131,2020-07-15,154588.29,3284.86,6630.71,0.0,0.0
132,2020-07-16,157806.43,3338.71,6706.14,0.0,0.0
133,2020-07-17,160991.71,3394.43,6782.57,0.0,0.0
134,2020-07-18,164174.86,3451.14,6858.57,0.0,0.0
135,2020-07-19,167328.71,3509.43,6934.0,0.0,0.0
136,2020-07-20,170529.29,3568.71,7007.86,0.0,0.0
137,2020-07-21,173680.86,3625.57,7079.86,0.0,0.0
138,2020-07-22,176786.43,3679.86,7152.57,0.0,0.0
139,2020-07-23,179997.14,3734.43,7224.86,0.0,0.0
140,2020-07-24,183219.0,3788.86,7298.57,0.0,0.0
141,2020-07-25,186462.71,3844.14,7373.14,0.0,0.0
142,2020-07-26,189802.29,3899.71,7450.0,0.0,0.0
143,2020-07-27,193128.29,3956.71,7530.0,0.0,0.0
144,2020-07-28,196451.71,4015.71,7608.71,0.0,0.0
145,2020-07-29,199751.71,4076.86,7683.43,0.0,0.0
146,2020-07-30,203034.29,4139.57,7755.43,0.0,0.0
147,2020-07-31,206320.14,4204.29,7827.86,0.0,0.0
148,2020-08-01,209608.43,4270.57,7900.14,0.0,0.0
149,2020-08-02,212790.43,4338.43,7970.0,0.0,0.0
150,2020-08-03,215881.71,4406.43,8039.57,0.0,0.0
151,2020-08-04,218973.29,4475.43,8109.43,0.0,0.0
152,2020-08-05,221651.86,4544.86,8181.29,0.0,0.0
153,2020-08-06,224484.0,4615.43,8254.29,0.0,0.0
154,2020-08-07,227344.0,4686.71,8324.57,0.0,0.0
155,2020-08-08,230214.43,4759.0,8391.43,0.0,0.0
156,2020-08-09,233057.0,4831.71,8457.0,0.0,0.0
157,2020-08-10,235965.86,4903.86,8517.43,0.0,0.0
158,2020-08-11,238716.86,4974.29,8575.29,0.0,0.0
159,2020-08-12,241750.29,5043.71,8631.71,0.0,0.0
160,2020-08-13,244691.14,5110.86,8688.29,0.0,0.0
161,2020-08-14,247550.0,5173.57,8742.29,0.0,0.0
162,2020-08-15,250338.43,5233.0,8796.29,0.0,0.0
163,2020-08-16,252978.29,5289.71,8850.14,0.0,0.0
164,2020-08-17,255446.57,5344.86,8902.71,0.0,0.0
165,2020-08-18,258001.71,5397.86,8956.0,0.0,0.0
166,2020-08-19,260453.14,5447.43,9007.86,0.0,0.0
167,2020-08-20,262651.29,5493.86,9057.29,0.0,0.0
168,2020-08-21,264821.71,5538.71,9106.43,0.0,0.0
169,2020-08-22,266998.29,5581.0,9154.57,0.0,0.0
170,2020-08-23,268912.0,5621.86,9201.86,0.0,0.0
171,2020-08-24,270739.0,5660.71,9249.43,0.0,0.0
172,2020-08-25,272394.43,5699.14,9296.71,0.0,0.0
173,2020-08-26,274019.0,5738.57,9343.86,0.0,0.0
174,2020-08-27,275660.14,5779.29,9389.71,0.0,0.0
175,2020-08-28,277269.0,5822.57,9435.43,0.0,0.0
176,2020-08-29,278879.29,5866.29,9481.29,0.0,0.0
177,2020-08-30,280684.14,5910.0,9527.29,0.0,0.0
178,2020-08-31,282483.71,5954.43,9573.43,0.0,0.0
179,2020-09-01,284244.86,5999.29,9619.71,0.0,0.0
180,2020-09-02,286032.0,6044.29,9666.57,0.0,0.0
181,2020-09-03,287824.14,6088.43,9716.0,0.0,0.0
182,2020-09-04,289650.71,6131.86,9765.71,0.0,0.0
183,2020-09-05,291473.71,6176.71,9816.29,0.0,0.0
184,2020-09-06,293239.0,6222.29,9865.14,0.0,0.0
185,2020-09-07,294914.71,6268.43,9914.0,0.0,0.0
186,2020-09-08,296570.86,6314.57,9961.71,0.0,0.0
187,2020-09-09,298147.86,6360.57,10007.86,0.0,0.0
188,2020-09-10,299715.86,6407.86,10052.86,0.0,0.0
189,2020-09-11,301249.14,6455.57,10097.57,0.0,0.0
190,2020-09-12,302768.14,6503.43,10138.71,0.0,0.0
191,2020-09-13,304260.57,6551.71,10181.0,0.0,0.0
192,2020-09-14,305847.86,6599.71,10222.86,0.0,0.0
193,2020-09-15,307391.0,6648.29,10263.29,0.0,0.0
194,2020-09-16,308869.0,6697.0,10304.57,0.0,0.0
195,2020-09-17,310229.71,6745.29,10347.0,0.0,0.0
196,2020-09-18,311573.14,6791.86,10389.71,0.0,0.0
197,2020-09-19,312912.57,6835.43,10435.86,0.0,0.0
198,2020-09-20,314326.14,6876.57,10482.14,0.0,0.0
199,2020-09-21,315676.86,6916.14,10529.43,0.0,0.0
200,2020-09-22,317069.43,6952.43,10579.43,0.0,0.0
201,2020-09-23,318470.29,6985.43,10628.71,0.0,0.0
202,2020-09-24,319935.0,7015.29,10676.14,0.0,0.0
203,2020-09-25,321437.43,7044.29,10723.86,0.0,0.0
204,2020-09-26,322955.86,7073.71,10769.0,0.0,0.0
205,2020-09-27,324267.29,7102.71,10814.86,0.0,0.0
206,2020-09-28,325668.14,7130.29,10860.86,0.0,0.0
207,2020-09-29,327034.43,7158.0,10906.0,0.0,0.0
208,2020-09-30,328418.43,7185.43,10951.0,0.0,0.0
209,2020-10-01,329808.86,7212.43,10996.57,0.0,0.0
210,2020-10-02,331150.86,7239.29,11040.29,0.0,0.0
211,2020-10-03,332522.0,7265.43,11086.43,0.0,0.0
212,2020-10-04,334045.86,7290.43,11132.57,0.0,0.0
213,2020-10-05,335392.71,7314.71,11177.86,0.0,0.0
214,2020-10-06,336721.71,7338.14,11221.57,0.0,0.0
215,2020-10-07,338097.14,7361.71,11264.29,0.0,0.0
216,2020-10-08,339428.14,7385.29,11307.29,0.0,0.0
217,2020-10-09,340764.43,7408.0,11351.14,0.0,0.0
218,2020-10-10,342152.57,7430.14,11394.0,0.0,0.0
219,2020-10-11,343542.14,7452.43,11436.0,0.0,0.0
220,2020-10-12,345041.57,7475.57,11476.86,0.0,0.0
221,2020-10-13,346557.57,7499.0,11517.29,0.0,0.0
222,2020-10-14,348011.0,7523.0,11558.0,0.0,0.0
223,2020-10-15,349317.14,7547.14,11597.57,0.0,0.0
224,2020-10-16,350651.14,7571.43,11637.29,0.0,0.0
225,2020-10-17,351883.57,7595.71,11676.29,0.0,0.0
226,2020-10-18,352921.0,7620.14,11714.14,0.0,0.0
227,2020-10-19,353784.14,7643.71,11753.29,0.0,0.0
228,2020-10-20,354906.0,7666.57,11794.14,0.0,0.0
229,2020-10-21,356111.14,7688.57,11835.71,0.0,0.0
230,2020-10-22,357454.86,7710.57,11878.0,0.0,0.0
231,2020-10-23,358755.29,7732.14,11919.71,0.0,0.0
232,2020-10-24,360099.57,7753.71,11962.29,0.0,0.0
233,2020-10-25,361665.0,7774.86,12005.86,0.0,0.0
234,2020-10-26,363367.29,7796.0,12047.86,0.0,0.0
235,2020-10-27,364814.29,7817.57,12089.57,0.0,0.0
236,2020-10-28,366277.43,7838.71,12132.29,0.0,0.0
237,2020-10-29,367729.43,7859.57,12178.43,0.0,0.0
238,2020-10-30,369281.29,7880.57,12225.14,0.0,0.0
239,2020-10-31,370814.86,7901.86,12274.0,0.0,0.0
240,2020-11-01,372162.43,7923.43,12323.43,0.0,0.0
241,2020-11-02,373559.0,7945.43,12376.29,0.0,0.0
242,2020-11-03,375135.43,7967.71,12431.71,0.0,0.0
243,2020-11-04,376676.29,7990.43,12488.29,0.0,0.0
244,2020-11-05,378278.86,8013.14,12544.71,0.0,0.0
245,2020-11-06,379835.14,8035.86,12604.29,0.0,0.0
246,2020-11-07,381492.29,8058.14,12665.0,0.0,0.0
247,2020-11-08,383265.43,8080.14,12728.71,0.0,0.0
248,2020-11-09,385188.86,8101.86,12794.86,0.0,0.0
249,2020-11-10,386915.57,8122.86,12864.71,0.0,0.0
250,2020-11-11,388649.29,8143.71,12938.86,0.0,0.0
251,2020-11-12,390729.14,8164.57,13014.86,0.0,0.0
252,2020-11-13,393088.57,8185.29,13094.0,0.0,0.0
253,2020-11-14,395481.43,8206.0,13175.29,0.0,0.0
254,2020-11-15,398110.43,8227.43,13258.29,0.0,0.0
255,2020-11-16,400754.43,8248.86,13343.57,0.0,0.0
256,2020-11-17,403655.0,8270.43,13431.86,0.0,0.0
257,2020-11-18,406859.86,8292.29,13520.57,0.0,0.0
258,2020-11-19,409794.14,8315.29,13610.14,0.0,0.0
259,2020-11-20,412894.86,8339.71,13698.57,0.0,0.0
260,2020-11-21,415985.29,8365.0,13788.43,0.0,0.0
261,2020-11-22,419106.0,8390.86,13879.43,0.0,0.0
262,2020-11-23,422301.57,8417.57,13970.43,0.0,0.0
263,2020-11-24,425726.86,8445.43,14058.86,0.0,0.0
264,2020-11-25,429128.43,8474.14,14147.57,0.0,0.0
265,2020-11-26,432617.14,8502.86,14240.57,0.0,0.0
266,2020-11-27,435693.86,8530.29,14334.86,0.0,0.0
267,2020-11-28,438897.0,8557.43,14431.29,0.0,0.0
268,2020-11-29,442212.14,8584.71,14528.14,0.0,0.0
269,2020-11-30,445686.43,8611.71,14626.0,0.0,0.0
270,2020-12-01,449167.0,8638.71,14724.86,0.0,0.0
271,2020-12-02,452529.57,8665.43,14823.57,0.0,0.0
272,2020-12-03,456035.0,8692.29,14918.86,0.0,0.0
273,2020-12-04,459606.29,8720.43,15014.71,0.0,0.0
274,2020-12-05,463042.14,8749.0,15112.43,0.0,0.0
275,2020-12-06,466274.29,8777.57,15211.29,0.0,0.0
276,2020-12-07,469252.71,8806.43,15306.43,0.0,0.0
277,2020-12-08,471899.43,8835.57,15396.43,0.0,0.0
278,2020-12-09,474282.43,8865.0,15484.29,0.0,0.0
279,2020-12-10,476298.14,8894.43,15570.14,0.0,0.0
280,2020-12-11,478309.14,8923.57,15655.0,0.0,0.0
281,2020-12-12,480210.29,8953.0,15732.14,0.0,0.0
282,2020-12-13,482185.43,8982.57,15807.14,0.0,0.0
283,2020-12-14,484125.86,9012.14,15881.43,0.0,0.0
284,2020-12-15,486104.0,9041.43,15955.29,0.0,0.0
285,2020-12-16,488092.57,9070.71,16030.43,0.0,0.0
286,2020-12-17,489974.43,9099.86,16106.86,0.0,0.0
287,2020-12-18,491727.43,9129.43,16183.14,0.0,0.0
288,2020-12-19,493490.0,9158.71,16265.71,0.0,0.0
289,2020-12-20,495234.14,9187.86,16350.0,0.0,0.0
290,2020-12-21,497005.57,9217.0,16439.57,0.0,0.0
291,2020-12-22,498793.86,9246.14,16536.86,0.0,0.0
292,2020-12-23,500795.43,9275.43,16635.57,0.0,0.0
293,2020-12-24,503067.71,9304.71,16737.14,0.0,0.0
294,2020-12-25,505472.43,9334.14,16838.43,0.0,0.0
295,2020-12-26,507891.43,9363.71,16939.71,0.0,0.0
296,2020-12-27,510171.57,9392.86,17042.0,0.0,0.0
297,2020-12-28,512459.71,9422.57,17145.29,0.0,0.0
298,2020-12-29,514909.71,9452.57,17246.0,0.0,0.0
299,2020-12-30,517744.57,9482.71,17348.14,0.0,0.0
300,2020-12-31,521055.86,9513.29,17449.0,0.0,0.0
301,2021-01-01,524617.43,9543.86,17550.43,0.0,0.0
302,2021-01-02,528412.29,9574.43,17647.86,0.0,0.0
303,2021-01-03,532478.43,9605.43,17742.29,0.0,0.0
304,2021-01-04,536815.57,9636.29,17833.29,0.0,0.0
305,2021-01-05,541201.57,9667.29,17923.29,0.0,0.0
306,2021-01-06,545396.0,9698.57,18010.29,0.0,0.0
307,2021-01-07,549409.57,9730.14,18094.29,0.0,0.0
308,2021-01-08,553345.0,9761.43,18179.14,0.0,0.0
309,2021-01-09,557119.71,9792.71,18265.43,0.0,0.0
310,2021-01-10,560800.86,9824.57,18349.86,0.0,0.0
311,2021-01-11,564336.14,9856.57,18433.0,0.0,0.0
312,2021-01-12,567755.71,9889.0,18516.0,0.0,0.0
313,2021-01-13,571181.43,9921.43,18600.57,0.0,0.0
314,2021-01-14,574537.43,9954.57,18687.0,0.0,0.0
315,2021-01-15,577792.57,9988.86,18771.86,0.0,0.0
316,2021-01-16,581005.57,10024.57,18858.14,0.0,0.0
317,2021-01-17,584245.29,10061.14,18946.71,0.0,0.0
318,2021-01-18,587399.29,10098.86,19039.57,0.0,0.0
319,2021-01-19,590503.29,10137.14,19135.71,0.0,0.0
320,2021-01-20,593490.71,10176.14,19231.29,7.43,9.43
321,2021-01-21,596362.71,10215.43,19330.29,9.86,14.0
322,2021-01-22,599197.0,10254.86,19434.43,12.29,20.57
323,2021-01-23,602128.57,10294.29,19541.29,14.71,28.86
324,2021-01-24,605067.0,10333.71,19650.86,17.14,40.71
325,2021-01-25,608016.86,10373.71,19764.0,19.71,55.29
326,2021-01-26,610960.71,10414.86,19879.43,22.29,72.57
327,2021-01-27,613944.43,10460.0,20000.57,24.71,93.29
328,2021-01-28,616973.43,10508.57,20125.0,27.71,119.0
329,2021-01-29,620102.43,10560.29,20250.14,31.29,148.0
330,2021-01-30,623229.57,10615.43,20378.29,35.29,180.0
331,2021-01-31,626394.57,10674.29,20511.0,39.29,215.29
332,2021-02-01,629600.0,10736.0,20647.29,43.29,252.57
333,2021-02-02,632914.57,10800.57,20786.86,47.29,293.29
334,2021-02-03,636301.14,10864.86,20928.14,51.29,336.57
335,2021-02-04,639761.0,10929.71,21071.71,54.86,381.14
336,2021-02-05,643116.14,10994.86,21218.29,58.14,428.43
337,2021-02-06,646521.29,11060.0,21367.86,61.57,477.86
338,2021-02-07,650094.43,11125.14,21520.0,65.43,530.57
339,2021-02-08,653762.57,11190.86,21673.43,70.71,585.86
340,2021-02-09,657559.29,11261.29,21835.71,76.86,643.57
341,2021-02-10,661416.43,11342.0,22004.14,84.29,705.29
342,2021-02-11,665619.29,11427.86,22173.71,92.43,771.14
343,2021-02-12,670005.29,11517.57,22349.43,101.0,843.71
344,2021-02-13,674373.29,11611.86,22534.43,109.86,918.71
345,2021-02-14,678508.71,11713.0,22728.57,119.29,994.57
346,2021-02-15,682777.14,11820.43,22929.71,128.0,1077.29
347,2021-02-16,687198.14,11929.43,23131.86,136.86,1164.43
348,2021-02-17,691768.29,12033.43,23340.14,146.0,1256.29
349,2021-02-18,696053.43,12136.14,23556.71,155.71,1354.14
350,2021-02-19,700334.57,12237.71,23781.14,166.71,1450.86
351,2021-02-20,704529.0,12340.29,24008.29,178.0,1555.0
352,2021-02-21,708902.43,12441.29,24236.14,191.0,1677.86
353,2021-02-22,713300.14,12542.14,24465.86,205.86,1804.86
354,2021-02-23,717553.57,12643.57,24697.57,220.57,1933.43
355,2021-02-24,721738.0,12744.86,24930.29,235.71,2064.43
356,2021-02-25,725916.29,12846.43,25167.86,251.14,2200.57
357,2021-02-26,730067.57,12947.71,25401.57,266.71,2338.86
358,2021-02-27,734183.14,13049.0,25633.86,282.14,2471.29
359,2021-02-28,738292.71,13152.43,25866.29,296.14,2596.0
360,2021-03-01,742295.14,13258.57,26101.43,308.14,2720.0
361,2021-03-02,746241.71,13370.14,26338.0,320.43,2850.86
362,2021-03-03,750091.71,13487.71,26571.0,331.86,2982.29
363,2021-03-04,753946.86,13607.86,26797.71,343.29,3110.86
364,2021-03-05,757628.0,13730.71,27027.43,354.57,3239.86
365,2021-03-06,761371.29,13856.86,27254.14,366.14,3370.43
366,2021-03-07,765036.43,13985.14,27487.29,377.14,3500.14
367,2021-03-08,768713.14,14114.14,27713.43,388.57,3629.43
368,2021-03-09,772340.29,14241.14,27934.0,400.29,3749.29
369,2021-03-10,776008.86,14369.86,28158.14,411.86,3869.43
370,2021-03-11,779487.0,14496.43,28381.86,425.43,3987.57
371,2021-03-12,783144.86,14619.43,28599.0,439.57,4103.43
372,2021-03-13,786727.0,14737.43,28815.71,454.29,4218.0
373,2021-03-14,790289.57,14853.57,29025.43,470.29,4327.0
374,2021-03-15,793767.14,14973.29,29237.57,487.0,4431.57
375,2021-03-16,797324.71,15093.43,29449.71,504.0,4538.29
376,2021-03-17,800683.57,15209.57,29655.0,521.29,4643.14
377,2021-03-18,803871.14,15320.14,29854.29,537.43,4751.14
378,2021-03-19,806901.43,15427.29,30053.43,554.57,4857.86
379,2021-03-20,810075.29,15533.86,30252.43,574.57,4968.0
380,2021-03-21,813200.14,15640.71,30449.29,595.71,5081.71
381,2021-03-22,816250.29,15751.71,30645.57,617.86,5193.43
382,2021-03-23,819108.14,15860.29,30840.71,641.14,5307.57
383,2021-03-24,822099.71,15967.14,31035.57,666.0,5433.29
384,2021-03-25,825266.57,16079.29,31232.29,691.29,5557.71
385,2021-03-26,828658.86,16194.43,31424.14,715.43,5686.14
386,2021-03-27,831980.86,16310.86,31612.71,738.14,5818.14
387,2021-03-28,835377.57,16424.43,31802.0,761.57,5959.86
388,2021-03-29,838750.71,16531.86,31990.57,787.0,6113.0
389,2021-03-30,842178.14,16641.57,32185.29,814.14,6269.14
390,2021-03-31,845481.29,16754.0,32379.43,841.71,6415.71
391,2021-04-01,848881.0,16865.86,32572.29,871.0,6570.43
392,2021-04-02,852158.0,16978.29,32766.57,902.43,6738.0
393,2021-04-03,855413.43,17086.86,32959.14,935.71,6904.29
394,2021-04-04,858694.43,17193.0,33147.57,968.0,7069.57
395,2021-04-05,861986.57,17295.14,33331.14,999.14,7233.29
396,2021-04-06,865040.0,17393.29,33507.43,1030.0,7402.0
397,2021-04-07,868127.57,17489.0,33691.0,1061.29,7573.86
398,2021-04-08,871133.71,17586.14,33877.43,1093.57,7745.71
399,2021-04-09,874235.14,17686.14,34065.57,1126.86,7910.57
400,2021-04-10,877391.0,17788.43,34255.57,1160.0,8080.43
401,2021-04-11,880517.29,17893.86,34446.14,1192.71,8249.29
402,2021-04-12,883603.57,17997.29,34639.43,1226.29,8432.43
403,2021-04-13,886952.29,18097.86,34832.71,1261.57,8613.86
404,2021-04-14,890289.0,18194.0,35018.71,1298.0,8802.86
405,2021-04-15,893761.86,18287.29,35206.57,1335.29,9000.29
406,2021-04-16,897058.57,18378.43,35396.29,1374.86,9203.71
407,2021-04-17,900495.29,18470.29,35589.86,1418.29,9416.71
408,2021-04-18,903793.71,18558.57,35789.57,1466.29,9642.0
409,2021-04-19,907175.86,18644.14,35991.57,1517.57,9865.43
410,2021-04-20,910482.86,18728.29,36195.29,1567.86,10099.57
411,2021-04-21,913934.29,18813.14,36403.57,1621.86,10335.29
412,2021-04-22,917266.29,18899.43,36611.14,1678.57,10575.71
413,2021-04-23,920619.43,18984.86,36822.86,1740.43,10837.71
414,2021-04-24,923779.29,19069.14,37032.43,1803.71,11106.14
415,2021-04-25,927101.43,19154.71,37242.0,1869.43,11382.43
416,2021-04-26,930477.57,19241.29,37457.14,1935.14,11669.0
417,2021-04-27,933949.29,19333.29,37675.71,2004.43,11966.43
418,2021-04-28,937342.43,19428.71,37898.86,2073.0,12285.86
419,2021-04-29,940822.29,19523.86,38123.29,2141.86,12617.57
420,2021-04-30,944359.0,19617.43,38354.14,2207.29,12954.29
421,2021-05-01,947964.14,19710.57,38592.71,2272.29,13304.57
422,2021-05-02,951518.71,19802.43,38841.57,2340.57,13690.71
423,2021-05-03,955187.86,19892.14,39092.29,2408.57,14095.86
424,2021-05-04,959005.86,19975.14,39352.14,2476.86,14516.43
425,2021-05-05,962934.14,20052.43,39612.71,2546.43,14948.86
426,2021-05-06,966922.14,20128.43,39878.71,2614.57,15405.14
427,2021-05-07,970956.0,20204.71,40141.29,2684.0,15890.86
428,2021-05-08,974913.14,20280.0,40402.57,2754.0,16386.29
429,2021-05-09,979020.57,20358.86,40656.29,2820.0,16889.86
430,2021-05-10,983177.14,20443.86,40907.86,2887.0,17412.14
431,2021-05-11,987179.0,20536.86,41159.29,2956.0,17952.57
432,2021-05-12,991075.0,20635.57,41410.0,3023.14,18529.14
433,2021-05-13,995282.71,20737.14,41658.57,3091.57,19107.29
434,2021-05-14,999079.71,20841.71,41905.0,3158.71,19677.14
435,2021-05-15,1002970.14,20947.71,42150.29,3225.71,20252.86
436,2021-05-16,1006766.0,21051.0,42398.14,3295.43,20831.86
437,2021-05-17,1010480.71,21150.43,42645.43,3365.29,21422.14
438,2021-05-18,1014269.86,21244.14,42884.86,3431.57,22004.86
439,2021-05-19,1017840.57,21335.29,43127.14,3499.0,22561.0
440,2021-05-20,1021024.57,21425.71,43370.29,3565.86,23130.14
441,2021-05-21,1024647.14,21509.86,43611.14,3634.0,23689.86
442,2021-05-22,1028322.0,21593.86,43849.29,3702.0,24245.14
443,2021-05-23,1031875.0,21681.0,44082.71,3768.57,24789.71
444,2021-05-24,1035691.71,21772.71,44317.14,3835.0,25343.0
445,2021-05-25,1039555.14,21870.14,44553.86,3902.14,25909.57
446,2021-05-26,1043649.29,21971.86,44781.29,3967.71,26476.29
447,2021-05-27,1047976.14,22074.43,45004.86,4034.14,27052.0
448,2021-05-28,1052150.86,22183.57,45227.14,4099.0,27652.29
449,2021-05-29,1056240.57,22293.86,45446.57,4162.57,28273.86
450,2021-05-30,1060604.57,22403.0,45662.14,4224.86,28916.0
451,2021-05-31,1064847.43,22511.29,45874.0,4286.86,29542.29
452,2021-06-01,1069134.0,22613.0,46079.29,4349.29,30167.29
453,2021-06-02,1073542.29,22711.14,46285.86,4411.57,30821.14
454,2021-06-03,1077832.29,22808.14,46491.14,4472.57,31463.71
455,2021-06-04,1082488.29,22903.0,46694.57,4532.57,32093.43
456,2021-06-05,1087195.0,22996.29,46897.43,4592.43,32716.14
457,2021-06-06,1091858.71,23089.29,47099.86,4651.0,33334.43
458,2021-06-07,1096285.14,23181.43,47295.0,4708.57,33955.29
459,2021-06-08,1100466.14,23276.43,47483.0,4764.43,34572.57
460,2021-06-09,1104231.43,23369.57,47663.14,4821.71,35165.43
461,2021-06-10,1107750.86,23456.0,47838.14,4877.0,35764.57
462,2021-06-11,1110863.43,23536.29,48006.57,4932.43,36360.71
463,2021-06-12,1113850.43,23616.71,48171.14,4984.86,36961.29
464,2021-06-13,1116531.29,23695.57,48327.57,5036.71,37534.43
465,2021-06-14,1118849.14,23773.43,48480.71,5088.43,38099.29
466,2021-06-15,1121153.14,23849.71,48634.57,5139.14,38663.0
467,2021-06-16,1123675.71,23925.0,48785.43,5187.57,39213.71
468,2021-06-17,1126226.14,24000.14,48932.86,5235.57,39749.29
469,2021-06-18,1128803.29,24074.43,49078.29,5282.71,40281.0
470,2021-06-19,1131370.29,24145.14,49218.43,5330.57,40802.86
471,2021-06-20,1133984.71,24219.71,49356.57,5380.0,41335.0
472,2021-06-21,1136766.14,24288.71,49490.71,5429.71,41852.14
473,2021-06-22,1139497.57,24355.71,49620.71,5478.14,42373.29
474,2021-06-23,1142352.0,24424.71,49750.57,5523.57,42922.14
475,2021-06-24,1145292.0,24497.14,49875.71,5569.29,43453.57
476,2021-06-25,1148285.57,24570.14,49996.86,5613.86,43984.71
477,2021-06-26,1151291.57,24644.71,50113.71,5655.0,44502.71
478,2021-06-27,1154194.43,24713.57,50227.71,5692.43,45016.14
479,2021-06-28,1157008.43,24782.0,50339.0,5726.43,45533.14
480,2021-06-29,1159618.43,24849.0,50449.86,5759.86,46026.86
481,2021-06-30,1161953.57,24911.57,50557.86,5793.29,46488.57
482,2021-07-01,1164160.86,24972.14,50662.43,5825.0,46959.86
483,2021-07-02,1166346.71,25033.14,50762.0,5854.29,47438.86
484,2021-07-03,1168517.29,25092.57,50860.86,5884.57,47915.71
485,2021-07-04,1170422.29,25148.86,50956.29,5912.71,48394.29
486,2021-07-05,1172449.86,25203.57,51047.14,5940.43,48870.57
487,2021-07-06,1174579.86,25256.0,51132.57,5966.43,49344.86
488,2021-07-07,1176622.14,25305.86,51211.0,5992.43,49820.57
489,2021-07-08,1178482.43,25351.43,51288.57,6018.0,50289.86
490,2021-07-09,1180199.0,25395.29,51365.14,6043.14,50733.0
491,2021-07-10,1181856.14,25436.71,51437.29,6067.14,51169.14
492,2021-07-11,1183610.86,25478.14,51505.43,6090.14,51595.43
493,2021-07-12,1185126.86,25517.14,51572.57,6111.71,52008.57
494,2021-07-13,1186592.57,25554.86,51634.43,6133.0,52406.29
495,2021-07-14,1187966.86,25592.0,51696.14,6152.86,52781.57
496,2021-07-15,1189306.14,25629.86,51755.43,6171.57,53140.14
497,2021-07-16,1190574.29,25666.29,51814.71,6188.29,53486.0
498,2021-07-17,1191823.0,25701.29,51871.57,6205.86,53826.0
499,2021-07-18,1192959.71,25734.71,51925.86,6224.57,54143.86
500,2021-07-19,1194166.29,25767.0,51976.29,6242.71,54448.0
501,2021-07-20,1195311.43,25796.57,52026.14,6262.0,54745.29
502,2021-07-21,1196451.71,25823.71,52072.14,6281.43,55038.14
503,2021-07-22,1197631.86,25852.86,52115.57,6300.14,55319.43
504,2021-07-23,1198791.57,25880.86,52156.29,6319.71,55589.86
505,2021-07-24,1199915.29,25909.14,52197.14,6337.14,55854.57
506,2021-07-25,1201168.0,25937.0,52235.29,6353.57,56111.86
507,2021-07-26,1202297.0,25964.14,52274.43,6369.71,56362.71
508,2021-07-27,1203392.71,25991.14,52313.0,6384.71,56605.86
509,2021-07-28,1204467.14,26018.29,52350.86,6400.29,56841.14
510,2021-07-29,1205456.86,26041.71,52389.0,6415.57,57070.71
511,2021-07-30,1206456.14,26066.43,52426.0,6430.71,57298.71
512,2021-07-31,1207446.0,26090.43,52460.43,6445.71,57518.71
513,2021-08-01,1208359.71,26112.57,52495.43,6460.71,57738.0
514,2021-08-02,1209261.0,26134.43,52526.57,6476.0,57961.0
515,2021-08-03,1210107.43,26156.71,52555.86,6490.43,58179.43
516,2021-08-04,1210896.29,26177.14,52584.14,6503.71,58394.71
517,2021-08-05,1211674.29,26197.43,52611.0,6516.86,58612.86
518,2021-08-06,1212425.86,26218.57,52638.86,6529.14,58829.43
519,2021-08-07,1213181.71,26238.0,52666.29,6541.14,59045.14
520,2021-08-08,1213926.29,26256.43,52693.57,6552.14,59251.29
521,2021-08-09,1214629.29,26275.43,52723.0,6562.0,59444.43
522,2021-08-10,1215347.71,26293.14,52751.71,6571.0,59638.57
523,2021-08-11,1216109.43,26313.0,52781.29,6579.86,59835.43
524,2021-08-12,1216840.29,26335.29,52809.57,6588.57,60029.57
525,2021-08-13,1217574.14,26359.14,52835.57,6597.86,60217.71
526,2021-08-14,1218306.71,26384.71,52859.43,6607.86,60396.0
527,2021-08-15,1219007.86,26410.43,52881.71,6616.86,60568.14
528,2021-08-16,1219729.43,26434.0,52901.57,6626.86,60738.0
529,2021-08-17,1220414.43,26456.86,52920.57,6637.43,60907.43
530,2021-08-18,1221070.29,26479.14,52937.0,6648.43,61070.57
531,2021-08-19,1221688.71,26500.43,52952.57,6658.57,61222.86
532,2021-08-20,1222281.86,26518.86,52968.86,6668.0,61374.86
533,2021-08-21,1222854.14,26534.71,52985.29,6677.14,61526.14
534,2021-08-22,1223383.57,26548.43,53001.0,6687.0,61679.29
535,2021-08-23,1223822.29,26562.71,53017.71,6696.86,61827.0
536,2021-08-24,1224226.71,26578.0,53033.57,6707.43,61967.14
537,2021-08-25,1224577.57,26591.14,53050.0,6717.57,62101.57
538,2021-08-26,1224853.0,26600.86,53067.57,6727.57,62231.14
539,2021-08-27,1225189.86,26610.14,53085.43,6737.86,62352.71
540,2021-08-28,1225521.71,26620.57,53102.14,6748.0,62469.71
541,2021-08-29,1225870.71,26634.0,53118.29,6758.57,62577.57
542,2021-08-30,1226262.71,26647.14,53134.43,6768.29,62685.0
543,2021-08-31,1226635.86,26660.71,53151.14,6776.86,62788.71
544,2021-09-01,1227037.29,26677.14,53168.0,6785.57,62892.29
545,2021-09-02,1227477.29,26694.14,53185.29,6794.71,62998.43
546,2021-09-03,1227867.71,26711.0,53201.43,6803.14,63109.57
547,2021-09-04,1228253.86,26728.29,53218.29,6811.14,63225.43
548,2021-09-05,1228576.57,26743.14,53235.86,6818.86,63347.14
549,2021-09-06,1228983.0,26757.29,53252.14,6826.71,63469.57
550,2021-09-07,1229403.29,26769.57,53268.14,6834.57,63599.0
551,2021-09-08,1229817.71,26782.0,53283.14,6841.71,63729.14
552,2021-09-09,1230242.86,26793.57,53297.14,6849.43,63861.0
553,2021-09-10,1230659.29,26805.14,53312.29,6857.29,63993.71
554,2021-09-11,1231078.57,26815.29,53327.43,6865.57,64125.86
555,2021-09-12,1231574.86,26824.43,53341.57,6874.57,64259.14
556,2021-09-13,1232001.57,26833.43,53355.29,6884.43,64391.14
557,2021-09-14,1232428.29,26842.14,53368.71,6894.43,64520.0
558,2021-09-15,1232851.43,26847.43,53383.14,6905.0,64648.14
559,2021-09-16,1233288.43,26852.71,53397.14,6914.86,64775.71
560,2021-09-17,1233739.0,26858.0,53409.43,6924.14,64903.71
561,2021-09-18,1234201.0,26863.57,53422.43,6932.86,65033.0
562,2021-09-19,1234636.43,26869.43,53435.71,6941.29,65160.43
563,2021-09-20,1235030.71,26875.86,53449.14,6949.29,65291.0
564,2021-09-21,1235400.86,26881.86,53463.43,6958.14,65421.71
565,2021-09-22,1235847.0,26888.0,53477.86,6966.57,65553.71
566,2021-09-23,1236226.71,26894.57,53492.43,6974.86,65688.43
567,2021-09-24,1236589.0,26901.14,53507.71,6983.86,65821.43
568,2021-09-25,1236933.29,26907.43,53522.29,6993.29,65952.86
569,2021-09-26,1237240.57,26914.14,53536.43,7002.57,66080.86
570,2021-09-27,1237534.71,26920.43,53551.0,7012.29,66204.14
571,2021-09-28,1237857.86,26927.43,53565.57,7021.29,66324.57
572,2021-09-29,1238115.0,26934.29,53580.0,7030.29,66443.0
573,2021-09-30,1238426.43,26941.57,53595.43,7039.57,66554.43
574,2021-10-01,1238743.29,26948.57,53610.71,7049.71,66667.57
575,2021-10-02,1239099.29,26955.86,53625.71,7059.43,66786.57
576,2021-10-03,1239497.71,26963.43,53641.57,7068.86,66909.0
577,2021-10-04,1239934.71,26970.86,53657.14,7077.57,67036.29
578,2021-10-05,1240383.57,26978.14,53672.86,7086.29,67170.14
579,2021-10-06,1240812.0,26985.71,53689.57,7095.14,67311.29
580,2021-10-07,1241265.0,26992.86,53705.71,7104.0,67461.29
581,2021-10-08,1241709.57,27000.14,53721.43,7112.14,67614.14
582,2021-10-09,1242127.0,27008.29,53738.0,7119.71,67764.57
583,2021-10-10,1242552.57,27016.29,53755.86,7127.86,67925.14
584,2021-10-11,1242981.29,27024.29,53774.14,7135.71,68091.71
585,2021-10-12,1243408.57,27032.86,53791.57,7143.43,68265.0
586,2021-10-13,1243857.86,27041.43,53807.71,7151.43,68435.14
587,2021-10-14,1244321.14,27049.86,53823.43,7159.14,68609.14
588,2021-10-15,1244791.29,27058.14,53839.57,7167.0,68788.14
589,2021-10-16,1245255.0,27064.86,53855.43,7174.71,68968.71
590,2021-10-17,1245682.86,27070.86,53870.86,7182.14,69143.43
591,2021-10-18,1246055.0,27077.0,53885.14,7189.86,69309.57
592,2021-10-19,1246420.57,27082.71,53900.43,7197.29,69468.57
593,2021-10-20,1246779.71,27089.14,53915.14,7204.86,69627.57
594,2021-10-21,1247134.86,27095.0,53930.0,7212.57,69777.57
595,2021-10-22,1247500.43,27101.0,53945.0,7219.71,69923.43
596,2021-10-23,1247880.57,27107.71,53959.0,7227.14,70069.0
597,2021-10-24,1248305.86,27115.14,53972.86,7233.57,70221.86
598,2021-10-25,1248791.71,27123.57,53986.14,7240.43,70380.14
599,2021-10-26,1249258.86,27131.29,53999.0,7247.71,70541.29
600,2021-10-27,1249741.0,27137.86,54012.0,7254.57,70709.0
601,2021-10-28,1250214.71,27145.57,54024.57,7261.14,70888.71
602,2021-10-29,1250692.43,27153.43,54037.0,7268.43,71074.71
603,2021-10-30,1251156.0,27160.57,54049.71,7277.43,71263.14
604,2021-10-31,1251586.57,27167.0,54061.86,7288.0,71447.29
605,2021-11-01,1252035.71,27172.29,54074.71,7298.43,71633.14
606,2021-11-02,1252509.14,27179.43,54086.29,7308.29,71821.86
607,2021-11-03,1252983.57,27188.0,54098.86,7318.14,72008.29
608,2021-11-04,1253465.14,27196.0,54112.29,7328.57,72191.71
609,2021-11-05,1253934.0,27204.0,54126.0,7338.43,72377.43
610,2021-11-06,1254406.57,27213.14,54139.71,7346.43,72567.0
611,2021-11-07,1255004.29,27223.14,54154.0,7353.43,72763.71
612,2021-11-08,1255557.29,27233.29,54169.57,7360.0,72969.86
613,2021-11-09,1256083.57,27242.57,54187.29,7367.57,73179.0
