,datas,casos,mortes,hospitalizados,hospitalizados_vacinados,infectados_vacinados,vacinados
0,2020-03-06,0.0,0.0,0.0,0.0,0.0,0.0
1,2020-03-07,18.43,0.0,8.86,0.0,0.0,0.0
2,2020-03-08,26.14,0.0,10.43,0.0,0.0,0.0
3,2020-03-09,34.14,0.0,12.0,0.0,0.0,0.0
4,2020-03-10,44.14,0.0,13.71,0.0,0.0,0.0
5,2020-03-11,55.71,0.0,15.57,0.0,0.0,0.0
6,2020-03-12,67.29,0.0,17.57,0.0,0.0,0.0
7,2020-03-13,80.0,0.0,19.86,0.0,0.0,0.0
8,2020-03-14,92.29,0.14,22.14,0.0,0.0,0.0
9,2020-03-15,106.71,0.43,24.86,0.0,0.0,0.0
10,2020-03-16,122.86,0.71,27.57,0.0,0.0,0.0
11,2020-03-17,142.57,1.14,30.43,0.0,0.0,0.0
12,2020-03-18,167.71,2.0,33.43,0.0,0.0,0.0
13,2020-03-19,193.71,3.0,37.0,0.0,0.0,0.0
14,2020-03-20,224.14,4.29,40.71,0.0,0.0,0.0
15,2020-03-21,263.29,5.57,44.43,0.0,0.0,0.0
16,2020-03-22,303.43,7.29,47.71,0.0,0.0,0.0
17,2020-03-23,344.29,9.57,51.14,0.0,0.0,0.0
18,2020-03-24,386.86,11.86,54.43,0.0,0.0,0.0
19,2020-03-25,429.86,13.71,57.71,0.0,0.0,0.0
20,2020-03-26,476.43,15.71,60.86,0.0,0.0,0.0
21,2020-03-27,519.86,17.43,64.0,0.0,0.0,0.0
22,2020-03-28,558.86,19.14,67.14,0.0,0.0,0.0
23,2020-03-29,599.71,20.86,70.71,0.0,0.0,0.0
24,2020-03-30,644.57,22.29,74.43,0.0,0.0,0.0
25,2020-03-31,697.29,24.43,79.29,0.0,0.0,0.0
26,2020-04-01,754.29,26.86,84.43,0.0,0.0,0.0
27,2020-04-02,818.29,29.57,90.86,0.0,0.0,0.0
28,2020-04-03,898.29,33.0,98.0,0.0,0.0,0.0
29,2020-04-04,980.43,36.57,105.0,0.0,0.0,0.0
30,2020-04-05,1073.86,39.71,112.43,0.0,0.0,0.0
31,2020-04-06,1177.86,43.29,120.43,0.0,0.0,0.0
32,2020-04-07,1286.57,47.29,129.14,0.0,0.0,0.0
33,2020-04-08,1412.0,51.71,138.14,0.0,0.0,0.0
34,2020-04-09,1542.71,56.29,147.71,0.0,0.0,0.0
35,2020-04-10,1673.57,60.43,158.57,0.0,0.0,0.0
36,2020-04-11,1816.29,65.57,171.14,0.0,0.0,0.0
37,2020-04-12,1956.14,72.0,184.29,0.0,0.0,0.0
38,2020-04-13,2107.57,78.71,199.0,0.0,0.0,0.0
39,2020-04-14,2254.86,85.0,214.0,0.0,0.0,0.0
40,2020-04-15,2400.86,92.14,230.43,0.0,0.0,0.0
41,2020-04-16,2566.71,99.43,245.86,0.0,0.0,0.0
42,2020-04-17,2738.0,107.14,261.29,0.0,0.0,0.0
43,2020-04-18,2926.29,115.43,277.71,0.0,0.0,0.0
44,2020-04-19,3123.14,123.0,296.0,0.0,0.0,0.0
45,2020-04-20,3334.0,131.57,314.0,0.0,0.0,0.0
46,2020-04-21,3566.14,140.0,332.86,0.0,0.0,0.0
47,2020-04-22,3803.43,149.43,354.14,0.0,0.0,0.0
48,2020-04-23,4043.29,159.86,376.57,0.0,0.0,0.0
49,2020-04-24,4309.0,170.43,400.71,0.0,0.0,0.0
50,2020-04-25,4593.71,180.86,426.0,0.0,0.0,0.0
51,2020-04-26,4890.0,192.14,451.57,0.0,0.0,0.0
52,2020-04-27,5199.29,203.0,481.29,0.0,0.0,0.0
53,2020-04-28,5520.43,216.86,513.86,0.0,0.0,0.0
54,2020-04-29,5867.29,230.86,547.29,0.0,0.0,0.0
55,2020-04-30,6340.29,243.71,583.0,0.0,0.0,0.0
56,2020-05-01,6789.0,257.0,618.86,0.0,0.0,0.0
57,2020-05-02,7201.14,271.0,656.29,0.0,0.0,0.0
58,2020-05-03,7640.29,285.43,696.86,0.0,0.0,0.0
59,2020-05-04,8327.29,303.43,737.14,0.0,0.0,0.0
60,2020-05-05,8991.43,319.71,777.86,0.0,0.0,0.0
61,2020-05-06,9703.71,336.57,820.14,0.0,0.0,0.0
62,2020-05-07,10336.29,354.71,866.43,0.0,0.0,0.0
63,2020-05-08,11005.57,378.29,915.57,0.0,0.0,0.0
64,2020-05-09,11785.0,401.86,967.71,0.0,0.0,0.0
65,2020-05-10,12545.43,426.0,1022.0,0.0,0.0,0.0
66,2020-05-11,13053.0,450.14,1079.29,0.0,0.0,0.0
67,2020-05-12,13606.14,477.86,1141.0,0.0,0.0,0.0
68,2020-05-13,14180.57,507.86,1207.43,0.0,0.0,0.0
69,2020-05-14,14803.29,540.0,1273.0,0.0,0.0,0.0
70,2020-05-15,15464.0,569.57,1342.57,0.0,0.0,0.0
71,2020-05-16,16105.71,601.57,1411.71,0.0,0.0,0.0
72,2020-05-17,16776.14,636.0,1483.71,0.0,0.0,0.0
73,2020-05-18,17756.57,669.0,1557.86,0.0,0.0,0.0
74,2020-05-19,18811.0,700.43,1630.29,0.0,0.0,0.0
75,2020-05-20,19882.43,730.43,1702.0,0.0,0.0,0.0
76,2020-05-21,21239.86,760.14,1777.29,0.0,0.0,0.0
77,2020-05-22,22635.57,790.43,1851.71,0.0,0.0,0.0
78,2020-05-23,24043.86,820.29,1928.86,0.0,0.0,0.0
79,2020-05-24,25446.29,849.0,2003.43,0.0,0.0,0.0
80,2020-05-25,26739.29,879.43,2078.57,0.0,0.0,0.0
81,2020-05-26,28201.29,911.29,2159.29,0.0,0.0,0.0
82,2020-05-27,29691.0,942.71,2241.71,0.0,0.0,0.0
83,2020-05-28,30869.0,974.57,2324.14,0.0,0.0,0.0
84,2020-05-29,32067.86,1006.86,2408.29,0.0,0.0,0.0
85,2020-05-30,33232.43,1040.43,2492.71,0.0,0.0,0.0
86,2020-05-31,34504.71,1075.29,2580.29,0.0,0.0,0.0
87,2020-06-01,35751.29,1110.57,2667.29,0.0,0.0,0.0
88,2020-06-02,36928.71,1146.29,2753.86,0.0,0.0,0.0
89,2020-06-03,38026.86,1184.29,2839.0,0.0,0.0,0.0
90,2020-06-04,39349.43,1224.43,2924.0,0.0,0.0,0.0
91,2020-06-05,40709.0,1265.29,3008.71,0.0,0.0,0.0
92,2020-06-06,42120.14,1307.57,3092.43,0.0,0.0,0.0
93,2020-06-07,43472.43,1351.86,3176.71,0.0,0.0,0.0
94,2020-06-08,44883.57,1397.43,3264.0,0.0,0.0,0.0
95,2020-06-09,46455.71,1445.71,3350.14,0.0,0.0,0.0
96,2020-06-10,48272.0,1493.86,3436.71,0.0,0.0,0.0
97,2020-06-11,50057.57,1543.43,3524.86,0.0,0.0,0.0
98,2020-06-12,52906.0,1594.43,3612.57,0.0,0.0,0.0
99,2020-06-13,56079.57,1645.71,3701.14,0.0,0.0,0.0
100,2020-06-14,59276.71,1697.43,3789.0,0.0,0.0,0.0
101,2020-06-15,62737.0,1749.0,3874.71,0.0,0.0,0.0
102,2020-06-16,66244.57,1798.43,3960.0,0.0,0.0,0.0
103,2020-06-17,69824.14,1849.71,4044.71,0.0,0.0,0.0
104,2020-06-18,73523.0,1900.14,4128.29,0.0,0.0,0.0
105,2020-06-19,76414.57,1951.43,4212.43,0.0,0.0,0.0
106,2020-06-20,79065.0,2004.0,4294.57,0.0,0.0,0.0
107,2020-06-21,81752.43,2055.86,4378.14,0.0,0.0,0.0
108,2020-06-22,84416.29,2109.43,4461.86,0.0,0.0,0.0
109,2020-06-23,87137.86,2163.86,4547.57,0.0,0.0,0.0
110,2020-06-24,89847.86,2218.43,4634.0,0.0,0.0,0.0
111,2020-06-25,92543.86,2273.57,4722.14,0.0,0.0,0.0
112,2020-06-26,95215.71,2327.29,4812.57,0.0,0.0,0.0
113,2020-06-27,97889.29,2379.71,4906.86,0.0,0.0,0.0
114,2020-06-28,100548.14,2432.29,5002.71,0.0,0.0,0.0
115,2020-06-29,103130.29,2483.86,5100.0,0.0,0.0,0.0
116,2020-06-30,105624.14,2536.0,5195.71,0.0,0.0,0.0
117,2020-07-01,108203.29,2586.71,5291.0,0.0,0.0,0.0
118,2020-07-02,110699.14,2637.71,5385.71,0.0,0.0,0.0
119,2020-07-03,112992.0,2688.71,5479.14,0.0,0.0,0.0
120,2020-07-04,115335.71,2739.57,5572.43,0.0,0.0,0.0
121,2020-07-05,117678.71,2789.86,5663.14,0.0,0.0,0.0
122,2020-07-06,120080.86,2839.86,5755.29,0.0,0.0,0.0
123,2020-07-07,122974.0,2890.0,5848.0,0.0,0.0,0.0
124,2020-07-08,126114.71,2941.14,5943.57,0.0,0.0,0.0
125,2020-07-09,129559.0,2990.71,6038.71,0.0,0.0,0.0
126,2020-07-10,133296.29,3039.57,6132.71,0.0,0.0,0.0
127,2020-07-11,137012.0,3087.57,6222.0,0.0,0.0,0.0
128,2020-07-12,140700.14,3135.29,6309.57,0.0,0.0,0.0
129,2020-07-13,144481.43,3182.86,6392.86,0.0,0.0,0.0
130,2020-07-14,147922.71,3232.43,6474.0,0.0,0.0,0.0
131,2020-07-15,151247.29,3284.86,6553.0,0.0,0.0,0.0
132,2020-07-16,154588.29,3338.71,6630.71,0.0,0.0,0.0
133,2020-07-17,157806.43,3394.43,6706.14,0.0,0.0,0.0
134,2020-07-18,160991.71,3451.14,6782.57,0.0,0.0,0.0
135,2020-07-19,164174.86,3509.43,6858.57,0.0,0.0,0.0
136,2020-07-20,167328.71,3568.71,6934.0,0.0,0.0,0.0
137,2020-07-21,170529.29,3625.57,7007.86,0.0,0.0,0.0
138,2020-07-22,173680.86,3679.86,7079.86,0.0,0.0,0.0
139,2020-07-23,176786.43,3734.43,7152.57,0.0,0.0,0.0
140,2020-07-24,179997.14,3788.86,7224.86,0.0,0.0,0.0
141,2020-07-25,183219.0,3844.14,7298.57,0.0,0.0,0.0
142,2020-07-26,186462.71,3899.71,7373.14,0.0,0.0,0.0
143,2020-07-27,189802.29,3956.71,7450.0,0.0,0.0,0.0
144,2020-07-28,193128.29,4015.71,7530.0,0.0,0.0,0.0
145,2020-07-29,196451.71,4076.86,7608.71,0.0,0.0,0.0
146,2020-07-30,199751.71,4139.57,7683.43,0.0,0.0,0.0
147,2020-07-31,203034.29,4204.29,7755.43,0.0,0.0,0.0
148,2020-08-01,206320.14,4270.57,7827.86,0.0,0.0,0.0
149,2020-08-02,209608.43,4338.43,7900.14,0.0,0.0,0.0
150,2020-08-03,212790.43,4406.43,7970.0,0.0,0.0,0.0
151,2020-08-04,215881.71,4475.43,8039.57,0.0,0.0,0.0
152,2020-08-05,218973.29,4544.86,8109.43,0.0,0.0,0.0
153,2020-08-06,221651.86,4615.43,8181.29,0.0,0.0,0.0
154,2020-08-07,224484.0,4686.71,8254.29,0.0,0.0,0.0
155,2020-08-08,227344.0,4759.0,8324.57,0.0,0.0,0.0
156,2020-08-09,230214.43,4831.71,8391.43,0.0,0.0,0.0
157,2020-08-10,233057.0,4903.86,8457.0,0.0,0.0,0.0
158,2020-08-11,235965.86,4974.29,8517.43,0.0,0.0,0.0
159,2020-08-12,238716.86,5043.71,8575.29,0.0,0.0,0.0
160,2020-08-13,241750.29,5110.86,8631.71,0.0,0.0,0.0
161,2020-08-14,244691.14,5173.57,8688.29,0.0,0.0,0.0
162,2020-08-15,247550.0,5233.0,8742.29,0.0,0.0,0.0
163,2020-08-16,250338.43,5289.71,8796.29,0.0,0.0,0.0
164,2020-08-17,252978.29,5344.86,8850.14,0.0,0.0,0.0
165,2020-08-18,255446.57,5397.86,8902.71,0.0,0.0,0.0
166,2020-08-19,258001.71,5447.43,8956.0,0.0,0.0,0.0
167,2020-08-20,260453.14,5493.86,9007.86,0.0,0.0,0.0
168,2020-08-21,262651.29,5538.71,9057.29,0.0,0.0,0.0
169,2020-08-22,264821.71,5581.0,9106.43,0.0,0.0,0.0
170,2020-08-23,266998.29,5621.86,9154.57,0.0,0.0,0.0
171,2020-08-24,268912.0,5660.71,9201.86,0.0,0.0,0.0
172,2020-08-25,270739.0,5699.14,9249.43,0.0,0.0,0.0
173,2020-08-26,272394.43,5738.57,9296.71,0.0,0.0,0.0
174,2020-08-27,274019.0,5779.29,9343.86,0.0,0.0,0.0
175,2020-08-28,275660.14,5822.57,9389.71,0.0,0.0,0.0
176,2020-08-29,277269.0,5866.29,9435.43,0.0,0.0,0.0
177,2020-08-30,278879.29,5910.0,9481.29,0.0,0.0,0.0
178,2020-08-31,280684.14,5954.43,9527.29,0.0,0.0,0.0
179,2020-09-01,282483.71,5999.29,9573.43,0.0,0.0,0.0
180,2020-09-02,284244.86,6044.29,9619.71,0.0,0.0,0.0
181,2020-09-03,286032.0,6088.43,9666.57,0.0,0.0,0.0
182,2020-09-04,287824.14,6131.86,9716.0,0.0,0.0,0.0
183,2020-09-05,289650.71,6176.71,9765.71,0.0,0.0,0.0
184,2020-09-06,291473.71,6222.29,9816.29,0.0,0.0,0.0
185,2020-09-07,293239.0,6268.43,9865.14,0.0,0.0,0.0
186,2020-09-08,294914.71,6314.57,9914.0,0.0,0.0,0.0
187,2020-09-09,296570.86,6360.57,9961.71,0.0,0.0,0.0
188,2020-09-10,298147.86,6407.86,10007.86,0.0,0.0,0.0
189,2020-09-11,299715.86,6455.57,10052.86,0.0,0.0,0.0
190,2020-09-12,301249.14,6503.43,10097.57,0.0,0.0,0.0
191,2020-09-13,302768.14,6551.71,10138.71,0.0,0.0,0.0
192,2020-09-14,304260.57,6599.71,10181.0,0.0,0.0,0.0
193,2020-09-15,305847.86,6648.29,10222.86,0.0,0.0,0.0
194,2020-09-16,307391.0,6697.0,10263.29,0.0,0.0,0.0
195,2020-09-17,308869.0,6745.29,10304.57,0.0,0.0,0.0
196,2020-09-18,310229.71,6791.86,10347.0,0.0,0.0,0.0
197,2020-09-19,311573.14,6835.43,10389.71,0.0,0.0,0.0
198,2020-09-20,312912.57,6876.57,10435.86,0.0,0.0,0.0
199,2020-09-21,314326.14,6916.14,10482.14,0.0,0.0,0.0
200,2020-09-22,315676.86,6952.43,10529.43,0.0,0.0,0.0
201,2020-09-23,317069.43,6985.43,10579.43,0.0,0.0,0.0
202,2020-09-24,318470.29,7015.29,10628.71,0.0,0.0,0.0
203,2020-09-25,319935.0,7044.29,10676.14,0.0,0.0,0.0
204,2020-09-26,321437.43,7073.71,10723.86,0.0,0.0,0.0
205,2020-09-27,322955.86,7102.71,10769.0,0.0,0.0,0.0
206,2020-09-28,324267.29,7130.29,10814.86,0.0,0.0,0.0
207,2020-09-29,325668.14,7158.0,10860.86,0.0,0.0,0.0
208,2020-09-30,327034.43,7185.43,10906.0,0.0,0.0,0.0
209,2020-10-01,328418.43,7212.43,10951.0,0.0,0.0,0.0
210,2020-10-02,329808.86,7239.29,10996.57,0.0,0.0,0.0
211,2020-10-03,331150.86,7265.43,11040.29,0.0,0.0,0.0
212,2020-10-04,332522.0,7290.43,11086.43,0.0,0.0,0.0
213,2020-10-05,334045.86,7314.71,11132.57,0.0,0.0,0.0
214,2020-10-06,335392.71,7338.14,11177.86,0.0,0.0,0.0
215,2020-10-07,336721.71,7361.71,11221.57,0.0,0.0,0.0
216,2020-10-08,338097.14,7385.29,11264.29,0.0,0.0,0.0
217,2020-10-09,339428.14,7408.0,11307.29,0.0,0.0,0.0
218,2020-10-10,340764.43,7430.14,11351.14,0.0,0.0,0.0
219,2020-10-11,342152.57,7452.43,11394.0,0.0,0.0,0.0
220,2020-10-12,343542.14,7475.57,11436.0,0.0,0.0,0.0
221,2020-10-13,345041.57,7499.0,11476.86,0.0,0.0,0.0
222,2020-10-14,346557.57,7523.0,11517.29,0.0,0.0,0.0
223,2020-10-15,348011.0,7547.14,11558.0,0.0,0.0,0.0
224,2020-10-16,349317.14,7571.43,11597.57,0.0,0.0,0.0
225,2020-10-17,350651.14,7595.71,11637.29,0.0,0.0,0.0
226,2020-10-18,351883.57,7620.14,11676.29,0.0,0.0,0.0
227,2020-10-19,352921.0,7643.71,11714.14,0.0,0.0,0.0
228,2020-10-20,353784.14,7666.57,11753.29,0.0,0.0,0.0
229,2020-10-21,354906.0,7688.57,11794.14,0.0,0.0,0.0
230,2020-10-22,356111.14,7710.57,11835.71,0.0,0.0,0.0
231,2020-10-23,357454.86,7732.14,11878.0,0.0,0.0,0.0
232,2020-10-24,358755.29,7753.71,11919.71,0.0,0.0,0.0
233,2020-10-25,360099.57,7774.86,11962.29,0.0,0.0,0.0
234,2020-10-26,361665.0,7796.0,12005.86,0.0,0.0,0.0
235,2020-10-27,363367.29,7817.57,12047.86,0.0,0.0,0.0
236,2020-10-28,364814.29,7838.71,12089.57,0.0,0.0,0.0
237,2020-10-29,366277.43,7859.57,12132.29,0.0,0.0,0.0
238,2020-10-30,367729.43,7880.57,12178.43,0.0,0.0,0.0
239,2020-10-31,369281.29,7901.86,12225.14,0.0,0.0,0.0
240,2020-11-01,370814.86,7923.43,12274.0,0.0,0.0,0.0
241,2020-11-02,372162.43,7945.43,12323.43,0.0,0.0,0.0
242,2020-11-03,373559.0,7967.71,12376.29,0.0,0.0,0.0
243,2020-11-04,375135.43,7990.43,12431.71,0.0,0.0,0.0
244,2020-11-05,376676.29,8013.14,12488.29,0.0,0.0,0.0
245,2020-11-06,378278.86,8035.86,12544.71,0.0,0.0,0.0
246,2020-11-07,379835.14,8058.14,12604.29,0.0,0.0,0.0
247,2020-11-08,381492.29,8080.14,12665.0,0.0,0.0,0.0
248,2020-11-09,383265.43,8101.86,12728.71,0.0,0.0,0.0
249,2020-11-10,385188.86,8122.86,12794.86,0.0,0.0,0.0
250,2020-11-11,386915.57,8143.71,12864.71,0.0,0.0,0.0
251,2020-11-12,388649.29,8164.57,12938.86,0.0,0.0,0.0
252,2020-11-13,390729.14,8185.29,13014.86,0.0,0.0,0.0
253,2020-11-14,393088.57,8206.0,13094.0,0.0,0.0,0.0
254,2020-11-15,395481.43,8227.43,13175.29,0.0,0.0,0.0
255,2020-11-16,398110.43,8248.86,13258.29,0.0,0.0,0.0
256,2020-11-17,400754.43,8270.43,13343.57,0.0,0.0,0.0
257,2020-11-18,403655.0,8292.29,13431.86,0.0,0.0,0.0
258,2020-11-19,406859.86,8315.29,13520.57,0.0,0.0,0.0
259,2020-11-20,409794.14,8339.71,13610.14,0.0,0.0,0.0
260,2020-11-21,412894.86,8365.0,13698.57,0.0,0.0,0.0
261,2020-11-22,415985.29,8390.86,13788.43,0.0,0.0,0.0
262,2020-11-23,419106.0,8417.57,13879.43,0.0,0.0,0.0
263,2020-11-24,422301.57,8445.43,13970.43,0.0,0.0,0.0
264,2020-11-25,425726.86,8474.14,14058.86,0.0,0.0,0.0
265,2020-11-26,429128.43,8502.86,14147.57,0.0,0.0,0.0
266,2020-11-27,432617.14,8530.29,14240.57,0.0,0.0,0.0
267,2020-11-28,435693.86,8557.43,14334.86,0.0,0.0,0.0
268,2020-11-29,438897.0,8584.71,14431.29,0.0,0.0,0.0
269,2020-11-30,442212.14,8611.71,14528.14,0.0,0.0,0.0
270,2020-12-01,445686.43,8638.71,14626.0,0.0,0.0,0.0
271,2020-12-02,449167.0,8665.43,14724.86,0.0,0.0,0.0
272,2020-12-03,452529.57,8692.29,14823.57,0.0,0.0,0.0
273,2020-12-04,456035.0,8720.43,14918.86,0.0,0.0,0.0
274,2020-12-05,459606.29,8749.0,15014.71,0.0,0.0,0.0
275,2020-12-06,463042.14,8777.57,15112.43,0.0,0.0,0.0
276,2020-12-07,466274.29,8806.43,15211.29,0.0,0.0,0.0
277,2020-12-08,469252.71,8835.57,15306.43,0.0,0.0,0.0
278,2020-12-09,471899.43,8865.0,15396.43,0.0,0.0,0.0
279,2020-12-10,474282.43,8894.43,15484.29,0.0,0.0,0.0
280,2020-12-11,476298.14,8923.57,15570.14,0.0,0.0,0.0
281,2020-12-12,478309.14,8953.0,15655.0,0.0,0.0,0.0
282,2020-12-13,480210.29,8982.57,15732.14,0.0,0.0,0.0
283,2020-12-14,482185.43,9012.14,15807.14,0.0,0.0,0.0
284,2020-12-15,484125.86,9041.43,15881.43,0.0,0.0,0.0
285,2020-12-16,486104.0,9070.71,15955.29,0.0,0.0,0.0
286,2020-12-17,488092.57,9099.86,16030.43,0.0,0.0,0.0
287,2020-12-18,489974.43,9129.43,16106.86,0.0,0.0,0.0
288,2020-12-19,491727.43,9158.71,16183.14,0.0,0.0,0.0
289,2020-12-20,493490.0,9187.86,16265.71,0.0,0.0,0.0
290,2020-12-21,495234.14,9217.0,16350.0,0.0,0.0,0.0
291,2020-12-22,497005.57,9246.14,16439.57,0.0,0.0,0.0
292,2020-12-23,498793.86,9275.43,16536.86,0.0,0.0,0.0
293,2020-12-24,500795.43,9304.71,16635.57,0.0,0.0,0.0
294,2020-12-25,503067.71,9334.14,16737.14,0.0,0.0,0.0
295,2020-12-26,505472.43,9363.71,16838.43,0.0,0.0,0.0
296,2020-12-27,507891.43,9392.86,16939.71,0.0,0.0,0.0
297,2020-12-28,510171.57,9422.57,17042.0,0.0,0.0,0.0
298,2020-12-29,512459.71,9452.57,17145.29,0.0,0.0,0.0
299,2020-12-30,514909.71,9482.71,17246.0,0.0,0.0,0.0
300,2020-12-31,517744.57,9513.29,17348.14,0.0,0.0,0.0
301,2021-01-01,521055.86,9543.86,17449.0,0.0,0.0,0.0
302,2021-01-02,524617.43,9574.43,17550.43,0.0,0.0,0.0
303,2021-01-03,528412.29,9605.43,17647.86,0.0,0.0,0.0
304,2021-01-04,532478.43,9636.29,17742.29,0.0,0.0,0.0
305,2021-01-05,536815.57,9667.29,17833.29,0.0,0.0,0.0
306,2021-01-06,541201.57,9698.57,17923.29,0.0,0.0,0.0
307,2021-01-07,545396.0,9730.14,18010.29,0.0,0.0,0.0
308,2021-01-08,549409.57,9761.43,18094.29,0.0,0.0,0.0
309,2021-01-09,553345.0,9792.71,18179.14,0.0,0.0,0.0
310,2021-01-10,557119.71,9824.57,18265.43,0.0,0.0,0.0
311,2021-01-11,560800.86,9856.57,18349.86,0.0,0.0,0.0
312,2021-01-12,564336.14,9889.0,18433.0,0.0,0.0,0.0
313,2021-01-13,567755.71,9921.43,18516.0,0.0,0.0,0.0
314,2021-01-14,571181.43,9954.57,18600.57,0.0,0.0,199.57
315,2021-01-15,574537.43,9988.86,18687.0,0.0,0.0,3056.57
316,2021-01-16,577792.57,10024.57,18771.86,0.0,0.0,8213.29
317,2021-01-17,581005.57,10061.14,18858.14,0.0,0.0,16331.43
318,2021-01-18,584245.29,10098.86,18946.71,0.0,0.0,27558.14
319,2021-01-19,587399.29,10137.14,19039.57,0.0,0.0,38482.71
320,2021-01-20,590503.29,10176.14,19135.71,0.0,0.0,50508.0
321,2021-01-21,593490.71,10215.43,19231.29,7.43,9.43,64800.71
322,2021-01-22,596362.71,10254.86,19330.29,9.86,14.0,78762.86
323,2021-01-23,599197.0,10294.29,19434.43,12.29,20.57,93733.57
324,2021-01-24,602128.57,10333.71,19541.29,14.71,28.86,107718.29
325,2021-01-25,605067.0,10373.71,19650.86,17.14,40.71,122814.71
326,2021-01-26,608016.86,10414.86,19764.0,19.71,55.29,139533.14
327,2021-01-27,610960.71,10460.0,19879.43,22.29,72.57,157112.71
328,2021-01-28,613944.43,10508.57,20000.57,24.71,93.29,173717.57
329,2021-01-29,616973.43,10560.29,20125.0,27.71,119.0,189960.57
330,2021-01-30,620102.43,10615.43,20250.14,31.29,148.0,206135.43
331,2021-01-31,623229.57,10674.29,20378.29,35.29,180.0,223466.57
332,2021-02-01,626394.57,10736.0,20511.0,39.29,215.29,237431.71
333,2021-02-02,629600.0,10800.57,20647.29,43.29,252.57,250646.71
334,2021-02-03,632914.57,10864.86,20786.86,47.29,293.29,262709.86
335,2021-02-04,636301.14,10929.71,20928.14,51.29,336.57,279067.43
336,2021-02-05,639761.0,10994.86,21071.71,54.86,381.14,295268.29
337,2021-02-06,643116.14,11060.0,21218.29,58.14,428.43,310219.57
338,2021-02-07,646521.29,11125.14,21367.86,61.57,477.86,323135.0
339,2021-02-08,650094.43,11190.86,21520.0,65.43,530.57,336003.57
340,2021-02-09,653762.57,11261.29,21673.43,70.71,585.86,348581.43
341,2021-02-10,657559.29,11342.0,21835.71,76.86,643.57,360646.29
342,2021-02-11,661416.43,11427.86,22004.14,84.29,705.29,367312.0
343,2021-02-12,665619.29,11517.57,22173.71,92.43,771.14,372859.0
344,2021-02-13,670005.29,11611.86,22349.43,101.0,843.71,378585.29
345,2021-02-14,674373.29,11713.0,22534.43,109.86,918.71,384216.14
346,2021-02-15,678508.71,11820.43,22728.57,119.29,994.57,390234.14
347,2021-02-16,682777.14,11929.43,22929.71,128.0,1077.29,395994.29
348,2021-02-17,687198.14,12033.43,23131.86,136.86,1164.43,401658.29
349,2021-02-18,691768.29,12136.14,23340.14,146.0,1256.29,407165.86
350,2021-02-19,696053.43,12237.71,23556.71,155.71,1354.14,412469.0
351,2021-02-20,700334.57,12340.29,23781.14,166.71,1450.86,415913.0
352,2021-02-21,704529.0,12441.29,24008.29,178.0,1555.0,419451.29
353,2021-02-22,708902.43,12542.14,24236.14,191.0,1677.86,422257.86
354,2021-02-23,713300.14,12643.57,24465.86,205.86,1804.86,425043.29
355,2021-02-24,717553.57,12744.86,24697.57,220.57,1933.43,431561.0
356,2021-02-25,721738.0,12846.43,24930.29,235.71,2064.43,439187.71
357,2021-02-26,725916.29,12947.71,25167.86,251.14,2200.57,447748.86
358,2021-02-27,730067.57,13049.0,25401.57,266.71,2338.86,458820.86
359,2021-02-28,734183.14,13152.43,25633.86,282.14,2471.29,471649.71
360,2021-03-01,738292.71,13258.57,25866.29,296.14,2596.0,486887.14
361,2021-03-02,742295.14,13370.14,26101.43,308.14,2720.0,502555.0
362,2021-03-03,746241.71,13487.71,26338.0,320.43,2850.86,516477.29
363,2021-03-04,750091.71,13607.86,26571.0,331.86,2982.29,531295.0
364,2021-03-05,753946.86,13730.71,26797.71,343.29,3110.86,547382.14
365,2021-03-06,757628.0,13856.86,27027.43,354.57,3239.86,565127.71
366,2021-03-07,761371.29,13985.14,27254.14,366.14,3370.43,583575.0
367,2021-03-08,765036.43,14114.14,27487.29,377.14,3500.14,601689.86
368,2021-03-09,768713.14,14241.14,27713.43,388.57,3629.43,621965.86
369,2021-03-10,772340.29,14369.86,27934.0,400.29,3749.29,644580.0
370,2021-03-11,776008.86,14496.43,28158.14,411.86,3869.43,668130.0
371,2021-03-12,779487.0,14619.43,28381.86,425.43,3987.57,695919.57
372,2021-03-13,783144.86,14737.43,28599.0,439.57,4103.43,723068.71
373,2021-03-14,786727.0,14853.57,28815.71,454.29,4218.0,752924.29
374,2021-03-15,790289.57,14973.29,29025.43,470.29,4327.0,789326.71
375,2021-03-16,793767.14,15093.43,29237.57,487.0,4431.57,827187.29
376,2021-03-17,797324.71,15209.57,29449.71,504.0,4538.29,863293.0
377,2021-03-18,800683.57,15320.14,29655.0,521.29,4643.14,905165.43
378,2021-03-19,803871.14,15427.29,29854.29,537.43,4751.14,955365.86
379,2021-03-20,806901.43,15533.86,30053.43,554.57,4857.86,1012263.86
380,2021-03-21,810075.29,15640.71,30252.43,574.57,4968.0,1072172.0
381,2021-03-22,813200.14,15751.71,30449.29,595.71,5081.71,1130395.86
382,2021-03-23,816250.29,15860.29,30645.57,617.86,5193.43,1190685.57
383,2021-03-24,819108.14,15967.14,30840.71,641.14,5307.57,1253938.0
384,2021-03-25,822099.71,16079.29,31035.57,666.0,5433.29,1322965.29
385,2021-03-26,825266.57,16194.43,31232.29,691.29,5557.71,1389409.57
386,2021-03-27,828658.86,16310.86,31424.14,715.43,5686.14,1453843.14
387,2021-03-28,831980.86,16424.43,31612.71,738.14,5818.14,1511586.29
388,2021-03-29,835377.57,16531.86,31802.0,761.57,5959.86,1563926.86
389,2021-03-30,838750.71,16641.57,31990.57,787.0,6113.0,1612935.86
390,2021-03-31,842178.14,16754.0,32185.29,814.14,6269.14,1659080.86
391,2021-04-01,845481.29,16865.86,32379.43,841.71,6415.71,1694920.71
392,2021-04-02,848881.0,16978.29,32572.29,871.0,6570.43,1730273.86
393,2021-04-03,852158.0,17086.86,32766.57,902.43,6738.0,1760099.57
394,2021-04-04,855413.43,17193.0,32959.14,935.71,6904.29,1790848.86
395,2021-04-05,858694.43,17295.14,33147.57,968.0,7069.57,1822019.14
396,2021-04-06,861986.57,17393.29,33331.14,999.14,7233.29,1853591.14
397,2021-04-07,865040.0,17489.0,33507.43,1030.0,7402.0,1883508.0
398,2021-04-08,868127.57,17586.14,33691.0,1061.29,7573.86,1912954.43
399,2021-04-09,871133.71,17686.14,33877.43,1093.57,7745.71,1932693.0
400,2021-04-10,874235.14,17788.43,34065.57,1126.86,7910.57,1951662.71
401,2021-04-11,877391.0,17893.86,34255.57,1160.0,8080.43,1967803.14
402,2021-04-12,880517.29,17997.29,34446.14,1192.71,8249.29,1982356.86
403,2021-04-13,883603.57,18097.86,34639.43,1226.29,8432.43,1996884.71
404,2021-04-14,886952.29,18194.0,34832.71,1261.57,8613.86,2014070.29
405,2021-04-15,890289.0,18287.29,35018.71,1298.0,8802.86,2033997.86
406,2021-04-16,893761.86,18378.43,35206.57,1335.29,9000.29,2055913.86
407,2021-04-17,897058.57,18470.29,35396.29,1374.86,9203.71,2080054.14
408,2021-04-18,900495.29,18558.57,35589.86,1418.29,9416.71,2108055.43
409,2021-04-19,903793.71,18644.14,35789.57,1466.29,9642.0,2138056.14
410,2021-04-20,907175.86,18728.29,35991.57,1517.57,9865.43,2166044.29
411,2021-04-21,910482.86,18813.14,36195.29,1567.86,10099.57,2191804.43
412,2021-04-22,913934.29,18899.43,36403.57,1621.86,10335.29,2220890.14
413,2021-04-23,917266.29,18984.86,36611.14,1678.57,10575.71,2246184.0
414,2021-04-24,920619.43,19069.14,36822.86,1740.43,10837.71,2271756.14
415,2021-04-25,923779.29,19154.71,37032.43,1803.71,11106.14,2295075.86
416,2021-04-26,927101.43,19241.29,37242.0,1869.43,11382.43,2318533.43
417,2021-04-27,930477.57,19333.29,37457.14,1935.14,11669.0,2342808.14
418,2021-04-28,933949.29,19428.71,37675.71,2004.43,11966.43,2370077.0
419,2021-04-29,937342.43,19523.86,37898.86,2073.0,12285.86,2391795.57
420,2021-04-30,940822.29,19617.43,38123.29,2141.86,12617.57,2419080.43
421,2021-05-01,944359.0,19710.57,38354.14,2207.29,12954.29,2449079.14
422,2021-05-02,947964.14,19802.43,38592.71,2272.29,13304.57,2486405.71
423,2021-05-03,951518.71,19892.14,38841.57,2340.57,13690.71,2528009.71
424,2021-05-04,955187.86,19975.14,39092.29,2408.57,14095.86,2571153.86
425,2021-05-05,959005.86,20052.43,39352.14,2476.86,14516.43,2612791.0
426,2021-05-06,962934.14,20128.43,39612.71,2546.43,14948.86,2657604.71
427,2021-05-07,966922.14,20204.71,39878.71,2614.57,15405.14,2702006.71
428,2021-05-08,970956.0,20280.0,40141.29,2684.0,15890.86,2746400.57
429,2021-05-09,974913.14,20358.86,40402.57,2754.0,16386.29,2788659.0
430,2021-05-10,979020.57,20443.86,40656.29,2820.0,16889.86,2827081.71
431,2021-05-11,983177.14,20536.86,40907.86,2887.0,17412.14,2866139.0
432,2021-05-12,987179.0,20635.57,41159.29,2956.0,17952.57,2902668.43
433,2021-05-13,991075.0,20737.14,41410.0,3023.14,18529.14,2937291.86
434,2021-05-14,995282.71,20841.71,41658.57,3091.57,19107.29,2970186.43
435,2021-05-15,999079.71,20947.71,41905.0,3158.71,19677.14,2999892.29
436,2021-05-16,1002970.14,21051.0,42150.29,3225.71,20252.86,3027557.29
437,2021-05-17,1006766.0,21150.43,42398.14,3295.43,20831.86,3053767.0
438,2021-05-18,1010480.71,21244.14,42645.43,3365.29,21422.14,3076674.43
439,2021-05-19,1014269.86,21335.29,42884.86,3431.57,22004.86,3105154.57
440,2021-05-20,1017840.57,21425.71,43127.14,3499.0,22561.0,3132530.0
441,2021-05-21,1021024.57,21509.86,43370.29,3565.86,23130.14,3158373.57
442,2021-05-22,1024647.14,21593.86,43611.14,3634.0,23689.86,3182902.57
443,2021-05-23,1028322.0,21681.0,43849.29,3702.0,24245.14,3210134.71
444,2021-05-24,1031875.0,21772.71,44082.71,3768.57,24789.71,3240741.86
445,2021-05-25,1035691.71,21870.14,44317.14,3835.0,25343.0,3272631.71
446,2021-05-26,1039555.14,21971.86,44553.86,3902.14,25909.57,3301870.0
447,2021-05-27,1043649.29,22074.43,44781.29,3967.71,26476.29,3333893.86
448,2021-05-28,1047976.14,22183.57,45004.86,4034.14,27052.0,3371150.0
449,2021-05-29,1052150.86,22293.86,45227.14,4099.0,27652.29,3410375.14
450,2021-05-30,1056240.57,22403.0,45446.57,4162.57,28273.86,3448474.14
451,2021-05-31,1060604.57,22511.29,45662.14,4224.86,28916.0,3486869.0
452,2021-06-01,1064847.43,22613.0,45874.0,4286.86,29542.29,3525999.71
453,2021-06-02,1069134.0,22711.14,46079.29,4349.29,30167.29,3566196.29
454,2021-06-03,1073542.29,22808.14,46285.86,4411.57,30821.14,3609244.57
455,2021-06-04,1077832.29,22903.0,46491.14,4472.57,31463.71,3654888.14
456,2021-06-05,1082488.29,22996.29,46694.57,4532.57,32093.43,3709137.43
457,2021-06-06,1087195.0,23089.29,46897.43,4592.43,32716.14,3766698.71
458,2021-06-07,1091858.71,23181.43,47099.86,4651.0,33334.43,3826413.57
459,2021-06-08,1096285.14,23276.43,47295.0,4708.57,33955.29,3885929.14
460,2021-06-09,1100466.14,23369.57,47483.0,4764.43,34572.57,3948864.86
461,2021-06-10,1104231.43,23456.0,47663.14,4821.71,35165.43,4011024.29
462,2021-06-11,1107750.86,23536.29,47838.14,4877.0,35764.57,4072402.86
463,2021-06-12,1110863.43,23616.71,48006.57,4932.43,36360.71,4127243.43
464,2021-06-13,1113850.43,23695.57,48171.14,4984.86,36961.29,4178216.71
465,2021-06-14,1116531.29,23773.43,48327.57,5036.71,37534.43,4226340.86
466,2021-06-15,1118849.14,23849.71,48480.71,5088.43,38099.29,4276249.0
467,2021-06-16,1121153.14,23925.0,48634.57,5139.14,38663.0,4322749.14
468,2021-06-17,1123675.71,24000.14,48785.43,5187.57,39213.71,4371205.86
469,2021-06-18,1126226.14,24074.43,48932.86,5235.57,39749.29,4424901.57
470,2021-06-19,1128803.29,24145.14,49078.29,5282.71,40281.0,4476880.57
471,2021-06-20,1131370.29,24219.71,49218.43,5330.57,40802.86,4525218.14
472,2021-06-21,1133984.71,24288.71,49356.57,5380.0,41335.0,4572944.71
473,2021-06-22,1136766.14,24355.71,49490.71,5429.71,41852.14,4618295.86
474,2021-06-23,1139497.57,24424.71,49620.71,5478.14,42373.29,4662350.86
475,2021-06-24,1142352.0,24497.14,49750.57,5523.57,42922.14,4706051.86
476,2021-06-25,1145292.0,24570.14,49875.71,5569.29,43453.57,4742331.57
477,2021-06-26,1148285.57,24644.71,49996.86,5613.86,43984.71,4779364.14
478,2021-06-27,1151291.57,24713.57,50113.71,5655.0,44502.71,4824111.86
479,2021-06-28,1154194.43,24782.0,50227.71,5692.43,45016.14,4870055.86
480,2021-06-29,1157008.43,24849.0,50339.0,5726.43,45533.14,4916805.86
481,2021-06-30,1159618.43,24911.57,50449.86,5759.86,46026.86,4969154.86
482,2021-07-01,1161953.57,24972.14,50557.86,5793.29,46488.57,5020213.29
483,2021-07-02,1164160.86,25033.14,50662.43,5825.0,46959.86,5073301.14
484,2021-07-03,1166346.71,25092.57,50762.0,5854.29,47438.86,5127657.57
485,2021-07-04,1168517.29,25148.86,50860.86,5884.57,47915.71,5178819.71
486,2021-07-05,1170422.29,25203.57,50956.29,5912.71,48394.29,5229820.29
487,2021-07-06,1172449.86,25256.0,51047.14,5940.43,48870.57,5280461.43
488,2021-07-07,1174579.86,25305.86,51132.57,5966.43,49344.86,5324251.0
489,2021-07-08,1176622.14,25351.43,51211.0,5992.43,49820.57,5365437.71
490,2021-07-09,1178482.43,25395.29,51288.57,6018.0,50289.86,5401857.57
491,2021-07-10,1180199.0,25436.71,51365.14,6043.14,50733.0,5434889.29
492,2021-07-11,1181856.14,25478.14,51437.29,6067.14,51169.14,5463134.14
493,2021-07-12,1183610.86,25517.14,51505.43,6090.14,51595.43,5489377.43
494,2021-07-13,1185126.86,25554.86,51572.57,6111.71,52008.57,5518269.14
495,2021-07-14,1186592.57,25592.0,51634.43,6133.0,52406.29,5548724.14
496,2021-07-15,1187966.86,25629.86,51696.14,6152.86,52781.57,5580817.14
497,2021-07-16,1189306.14,25666.29,51755.43,6171.57,53140.14,5620104.0
498,2021-07-17,1190574.29,25701.29,51814.71,6188.29,53486.0,5665504.57
499,2021-07-18,1191823.0,25734.71,51871.57,6205.86,53826.0,5718699.0
500,2021-07-19,1192959.71,25767.0,51925.86,6224.57,54143.86,5781261.29
501,2021-07-20,1194166.29,25796.57,51976.29,6242.71,54448.0,5839511.43
502,2021-07-21,1195311.43,25823.71,52026.14,6262.0,54745.29,5898764.0
503,2021-07-22,1196451.71,25852.86,52072.14,6281.43,55038.14,5957038.57
504,2021-07-23,1197631.86,25880.86,52115.57,6300.14,55319.43,6012211.71
505,2021-07-24,1198791.57,25909.14,52156.29,6319.71,55589.86,6065855.57
506,2021-07-25,1199915.29,25937.0,52197.14,6337.14,55854.57,6122195.43
507,2021-07-26,1201168.0,25964.14,52235.29,6353.57,56111.86,6168441.0
508,2021-07-27,1202297.0,25991.14,52274.43,6369.71,56362.71,6215005.86
509,2021-07-28,1203392.71,26018.29,52313.0,6384.71,56605.86,6257470.71
510,2021-07-29,1204467.14,26041.71,52350.86,6400.29,56841.14,6302679.86
511,2021-07-30,1205456.86,26066.43,52389.0,6415.57,57070.71,6350393.0
512,2021-07-31,1206456.14,26090.43,52426.0,6430.71,57298.71,6399832.14
513,2021-08-01,1207446.0,26112.57,52460.43,6445.71,57518.71,6447912.29
514,2021-08-02,1208359.71,26134.43,52495.43,6460.71,57738.0,6499674.29
515,2021-08-03,1209261.0,26156.71,52526.57,6476.0,57961.0,6555854.14
516,2021-08-04,1210107.43,26177.14,52555.86,6490.43,58179.43,6618735.86
517,2021-08-05,1210896.29,26197.43,52584.14,6503.71,58394.71,6685184.57
518,2021-08-06,1211674.29,26218.57,52611.0,6516.86,58612.86,6756848.14
519,2021-08-07,1212425.86,26238.0,52638.86,6529.14,58829.43,6832668.57
520,2021-08-08,1213181.71,26256.43,52666.29,6541.14,59045.14,6909066.29
521,2021-08-09,1213926.29,26275.43,52693.57,6552.14,59251.29,6988517.43
522,2021-08-10,1214629.29,26293.14,52723.0,6562.0,59444.43,7065077.29
523,2021-08-11,1215347.71,26313.0,52751.71,6571.0,59638.57,7146842.71
524,2021-08-12,1216109.43,26335.29,52781.29,6579.86,59835.43,7227708.86
525,2021-08-13,1216840.29,26359.14,52809.57,6588.57,60029.57,7305517.29
526,2021-08-14,1217574.14,26384.71,52835.57,6597.86,60217.71,7387903.57
527,2021-08-15,1218306.71,26410.43,52859.43,6607.86,60396.0,7475531.29
528,2021-08-16,1219007.86,26434.0,52881.71,6616.86,60568.14,7560567.86
529,2021-08-17,1219729.43,26456.86,52901.57,6626.86,60738.0,7647122.43
530,2021-08-18,1220414.43,26479.14,52920.57,6637.43,60907.43,7734954.0
531,2021-08-19,1221070.29,26500.43,52937.0,6648.43,61070.57,7822759.0
532,2021-08-20,1221688.71,26518.86,52952.57,6658.57,61222.86,7916430.43
533,2021-08-21,1222281.86,26534.71,52968.86,6668.0,61374.86,8003782.0
534,2021-08-22,1222854.14,26548.43,52985.29,6677.14,61526.14,8085818.57
535,2021-08-23,1223383.57,26562.71,53001.0,6687.0,61679.29,8172397.29
536,2021-08-24,1223822.29,26578.0,53017.71,6696.86,61827.0,8259848.43
537,2021-08-25,1224226.71,26591.14,53033.57,6707.43,61967.14,8336706.43
538,2021-08-26,1224577.57,26600.86,53050.0,6717.57,62101.57,8413296.86
539,2021-08-27,1224853.0,26610.14,53067.57,6727.57,62231.14,8481090.14
540,2021-08-28,1225189.86,26620.57,53085.43,6737.86,62352.71,8543601.0
541,2021-08-29,1225521.71,26634.0,53102.14,6748.0,62469.71,8600214.57
542,2021-08-30,1225870.71,26647.14,53118.29,6758.57,62577.57,8648845.86
543,2021-08-31,1226262.71,26660.71,53134.43,6768.29,62685.0,8694299.14
544,2021-09-01,1226635.86,26677.14,53151.14,6776.86,62788.71,8744597.0
545,2021-09-02,1227037.29,26694.14,53168.0,6785.57,62892.29,8785210.71
546,2021-09-03,1227477.29,26711.0,53185.29,6794.71,62998.43,8817910.0
547,2021-09-04,1227867.71,26728.29,53201.43,6803.14,63109.57,8851781.0
548,2021-09-05,1228253.86,26743.14,53218.29,6811.14,63225.43,8885525.0
549,2021-09-06,1228576.57,26757.29,53235.86,6818.86,63347.14,8922882.43
550,2021-09-07,1228983.0,26769.57,53252.14,6826.71,63469.57,8962778.14
551,2021-09-08,1229403.29,26782.0,53268.14,6834.57,63599.0,8997745.57
552,2021-09-09,1229817.71,26793.57,53283.14,6841.71,63729.14,9031528.86
553,2021-09-10,1230242.86,26805.14,53297.14,6849.43,63861.0,9070805.86
554,2021-09-11,1230659.29,26815.29,53312.29,6857.29,63993.71,9107537.43
555,2021-09-12,1231078.57,26824.43,53327.43,6865.57,64125.86,9141852.0
556,2021-09-13,1231574.86,26833.43,53341.57,6874.57,64259.14,9175476.71
557,2021-09-14,1232001.57,26842.14,53355.29,6884.43,64391.14,9206915.0
558,2021-09-15,1232428.29,26847.43,53368.71,6894.43,64520.0,9239063.0
559,2021-09-16,1232851.43,26852.71,53383.14,6905.0,64648.14,9278448.86
560,2021-09-17,1233288.43,26858.0,53397.14,6914.86,64775.71,9316369.0
561,2021-09-18,1233739.0,26863.57,53409.43,6924.14,64903.71,9357483.29
562,2021-09-19,1234201.0,26869.43,53422.43,6932.86,65033.0,9400458.43
563,2021-09-20,1234636.43,26875.86,53435.71,6941.29,65160.43,9440265.43
564,2021-09-21,1235030.71,26881.86,53449.14,6949.29,65291.0,9480434.71
565,2021-09-22,1235400.86,26888.0,53463.43,6958.14,65421.71,9520888.29
566,2021-09-23,1235847.0,26894.57,53477.86,6966.57,65553.71,9558238.0
567,2021-09-24,1236226.71,26901.14,53492.43,6974.86,65688.43,9600966.43
568,2021-09-25,1236589.0,26907.43,53507.71,6983.86,65821.43,9639507.29
569,2021-09-26,1236933.29,26914.14,53522.29,6993.29,65952.86,9678611.86
570,2021-09-27,1237240.57,26920.43,53536.43,7002.57,66080.86,9717342.86
571,2021-09-28,1237534.71,26927.43,53551.0,7012.29,66204.14,9755944.71
572,2021-09-29,1237857.86,26934.29,53565.57,7021.29,66324.57,9796002.14
573,2021-09-30,1238115.0,26941.57,53580.0,7030.29,66443.0,9835062.71
574,2021-10-01,1238426.43,26948.57,53595.43,7039.57,66554.43,9865091.0
575,2021-10-02,1238743.29,26955.86,53610.71,7049.71,66667.57,9897805.57
576,2021-10-03,1239099.29,26963.43,53625.71,7059.43,66786.57,9927843.86
577,2021-10-04,1239497.71,26970.86,53641.57,7068.86,66909.0,9957410.43
578,2021-10-05,1239934.71,26978.14,53657.14,7077.57,67036.29,9986558.14
579,2021-10-06,1240383.57,26985.71,53672.86,7086.29,67170.14,10011688.0
580,2021-10-07,1240812.0,26992.86,53689.57,7095.14,67311.29,10032378.86
581,2021-10-08,1241265.0,27000.14,53705.71,7104.0,67461.29,10052140.57
582,2021-10-09,1241709.57,27008.29,53721.43,7112.14,67614.14,10068171.29
583,2021-10-10,1242127.0,27016.29,53738.0,7119.71,67764.57,10081846.29
584,2021-10-11,1242552.57,27024.29,53755.86,7127.86,67925.14,10096917.29
585,2021-10-12,1242981.29,27032.86,53774.14,7135.71,68091.71,10110764.29
586,2021-10-13,1243408.57,27041.43,53791.57,7143.43,68265.0,10123554.29
587,2021-10-14,1243857.86,27049.86,53807.71,7151.43,68435.14,10138450.71
588,2021-10-15,1244321.14,27058.14,53823.43,7159.14,68609.14,10152686.86
589,2021-10-16,1244791.29,27064.86,53839.57,7167.0,68788.14,10166210.0
590,2021-10-17,1245255.0,27070.86,53855.43,7174.71,68968.71,10180869.14
591,2021-10-18,1245682.86,27077.0,53870.86,7182.14,69143.43,10194160.57
592,2021-10-19,1246055.0,27082.71,53885.14,7189.86,69309.57,10207535.14
593,2021-10-20,1246420.57,27089.14,53900.43,7197.29,69468.57,10221517.57
594,2021-10-21,1246779.71,27095.0,53915.14,7204.86,69627.57,10235509.71
595,2021-10-22,1247134.86,27101.0,53930.0,7212.57,69777.57,10251396.29
596,2021-10-23,1247500.43,27107.71,53945.0,7219.71,69923.43,10267704.14
597,2021-10-24,1247880.57,27115.14,53959.0,7227.14,70069.0,10287893.57
598,2021-10-25,1248305.86,27123.57,53972.86,7233.57,70221.86,10310044.86
599,2021-10-26,1248791.71,27131.29,53986.14,7240.43,70380.14,10331485.29
600,2021-10-27,1249258.86,27137.86,53999.0,7247.71,70541.29,10351962.14
601,2021-10-28,1249741.0,27145.57,54012.0,7254.57,70709.0,10369753.57
602,2021-10-29,1250214.71,27153.43,54024.57,7261.14,70888.71,10384260.71
603,2021-10-30,1250692.43,27160.57,54037.0,7268.43,71074.71,10401061.71
604,2021-10-31,1251156.0,27167.0,54049.71,7277.43,71263.14,10414655.57
605,2021-11-01,1251586.57,27172.29,54061.86,7288.0,71447.29,10425792.71
606,2021-11-02,1252035.71,27179.43,54074.71,7298.43,71633.14,10437083.86
607,2021-11-03,1252509.14,27188.0,54086.29,7308.29,71821.86,10449660.0
608,2021-11-04,1252983.57,27196.0,54098.86,7318.14,72008.29,10464467.29
609,2021-11-05,1253465.14,27204.0,54112.29,7328.57,72191.71,10481537.43
610,2021-11-06,1253934.0,27213.14,54126.0,7338.43,72377.43,10501211.86
611,2021-11-07,1254406.57,27223.14,54139.71,7346.43,72567.0,10523386.14
612,2021-11-08,1255004.29,27233.29,54154.0,7353.43,72763.71,10544294.71
613,2021-11-09,1255557.29,27242.57,54169.57,7360.0,72969.86,10565805.14
